,dateRep,Afghanistan,Albania,Algeria,Andorra,Angola,Antigua_and_Barbuda,Argentina,Armenia,Aruba,Australia,Austria,Azerbaijan,Bahamas,Bahrain,Bangladesh,Barbados,Belarus,Belgium,Belize,Benin,Bermuda,Bhutan,Bolivia,Bosnia_and_Herzegovina,Botswana,Brazil,British_Virgin_Islands,Brunei_Darussalam,Bulgaria,Burkina_Faso,Burundi,Cambodia,Cameroon,Canada,Cape_Verde,Cayman_Islands,Central_African_Republic,Chad,Chile,China,Colombia,Comoros,Congo,Costa_Rica,Cote_dIvoire,Croatia,Cuba,Curaçao,Cyprus,Czechia,Democratic_Republic_of_the_Congo,Denmark,Djibouti,Dominica,Dominican_Republic,Ecuador,Egypt,El_Salvador,Equatorial_Guinea,Estonia,Eswatini,Ethiopia,Faroe_Islands,Fiji,Finland,France,French_Polynesia,Gabon,Gambia,Georgia,Germany,Ghana,Gibraltar,Greece,Greenland,Grenada,Guam,Guatemala,Guernsey,Guinea,Guinea_Bissau,Guyana,Haiti,Holy_See,Honduras,Hungary,Iceland,India,Indonesia,Iran,Iraq,Ireland,Isle_of_Man,Israel,Italy,Jamaica,Japan,Jersey,Jordan,Kazakhstan,Kenya,Kosovo,Kuwait,Kyrgyzstan,Laos,Latvia,Lebanon,Lesotho,Liberia,Libya,Liechtenstein,Lithuania,Luxembourg,Madagascar,Malawi,Malaysia,Maldives,Mali,Malta,Mauritania,Mauritius,Mexico,Moldova,Monaco,Mongolia,Montenegro,Montserrat,Morocco,Mozambique,Myanmar,Nepal,Netherlands,New_Caledonia,New_Zealand,Nicaragua,Niger,Nigeria,North_Macedonia,Northern_Mariana_Islands,Norway,Oman,Pakistan,Palestine,Panama,Papua_New_Guinea,Paraguay,Peru,Philippines,Poland,Portugal,Puerto_Rico,Qatar,Romania,Russia,Rwanda,Saint_Kitts_and_Nevis,Saint_Lucia,Saint_Vincent_and_the_Grenadines,San_Marino,Sao_Tome_and_Principe,Saudi_Arabia,Senegal,Serbia,Seychelles,Sierra_Leone,Singapore,Sint_Maarten,Slovakia,Slovenia,Somalia,South_Africa,South_Korea,South_Sudan,Spain,Sri_Lanka,Sudan,Suriname,Sweden,Switzerland,Syria,Taiwan,Tajikistan,Thailand,Timor_Leste,Togo,Trinidad_and_Tobago,Tunisia,Turkey,Turks_and_Caicos_islands,Uganda,Ukraine,United_Arab_Emirates,United_Kingdom,United_Republic_of_Tanzania,United_States_of_America,United_States_Virgin_Islands,Uruguay,Uzbekistan,Venezuela,Vietnam,Yemen,Zambia,Zimbabwe
0,2020-05-21,0,2,0,1,2,1,1,0,2,0,0,0,1,0,3,1,0,0,1,1,2,1,2,2,3,0,2,1,2,2,2,0,1,0,2,1,1,1,1,27,1,1,1,1,1,0,3,1,2,0,1,0,1,1,0,0,0,1,1,0,1,1,72,1,0,0,3,1,1,0,0,2,10,0,2,1,3,1,1,1,2,1,2,1,2,2,0,0,0,0,0,0,1,0,0,2,0,5,1,6,1,2,0,3,2,1,0,1,1,1,1,0,0,3,3,0,2,2,1,1,3,0,1,0,1,2,1,1,1,0,0,0,2,0,1,1,0,0,2,0,0,0,7,1,1,1,1,0,1,2,64,0,0,0,1,2,2,1,0,4,1,1,1,2,1,0,1,1,1,1,1,0,1,0,0,1,1,0,0,1,0,15,0,1,1,1,1,1,1,1,1,0,0,1,0,17,6,6,10,0,1,2,1
1,2020-05-20,0,2,0,1,2,1,1,0,2,0,0,0,1,0,3,1,0,0,1,1,2,1,2,2,3,0,2,1,2,2,2,0,1,0,2,1,1,1,1,27,1,1,1,1,1,0,3,1,2,0,1,0,1,1,0,0,0,1,1,0,1,1,72,1,0,0,3,1,1,0,0,2,10,0,2,1,3,1,1,1,2,1,2,1,2,2,0,0,0,0,0,0,1,0,0,2,0,5,1,6,1,2,0,3,2,1,0,1,1,1,1,0,0,3,3,0,2,2,1,1,3,0,1,0,1,2,1,1,1,0,0,0,2,0,1,1,0,0,2,0,0,0,7,1,1,1,1,0,1,2,64,0,0,0,1,2,2,1,0,4,1,1,1,2,1,0,1,1,1,1,1,0,1,0,0,1,1,0,0,1,0,15,0,1,1,1,1,1,1,1,1,0,0,1,0,17,6,6,10,0,1,2,1
2,2020-05-19,0,2,0,1,2,1,1,0,2,0,0,0,1,0,3,1,0,0,1,1,2,1,2,2,3,0,2,1,2,2,2,0,1,0,2,1,1,1,1,27,1,1,1,1,1,0,3,1,2,0,1,0,1,1,0,0,0,1,1,0,1,1,72,1,0,0,3,1,1,0,0,2,10,0,2,1,3,1,1,1,2,1,2,1,2,2,0,0,0,0,0,0,1,0,0,2,0,5,1,6,1,2,0,3,2,1,0,1,1,1,1,0,0,3,3,0,2,2,1,1,3,0,1,0,1,2,1,1,1,0,0,0,2,0,1,1,0,0,2,0,0,0,7,1,1,1,1,0,1,2,64,0,0,0,1,2,2,1,0,4,1,1,1,2,1,0,1,1,1,1,1,0,1,0,0,1,1,0,0,1,0,15,0,1,1,1,1,1,1,1,1,0,0,1,0,17,6,6,10,0,1,2,1
3,2020-05-18,0,2,0,1,2,1,1,0,2,0,0,0,1,0,3,1,0,0,1,1,2,1,2,2,3,0,2,1,2,2,2,0,1,0,2,1,1,1,1,27,1,1,1,1,1,0,3,1,2,0,1,0,1,1,0,0,0,1,1,0,1,1,72,1,0,0,3,1,1,0,0,2,10,0,2,1,3,1,1,1,2,1,2,1,2,2,0,0,0,0,0,0,1,0,0,2,0,5,1,6,1,2,0,3,2,1,0,1,1,1,1,0,0,3,3,0,2,2,1,1,3,0,1,0,1,2,1,1,1,0,0,0,2,0,1,1,0,0,2,0,0,0,7,1,1,1,1,0,1,2,64,0,0,0,1,2,2,1,0,4,1,1,1,2,1,0,1,1,1,1,1,0,1,0,0,1,1,0,0,1,0,15,0,1,1,1,1,1,1,1,1,0,0,1,0,17,6,6,10,0,1,2,1
4,2020-05-17,0,2,0,1,2,1,1,0,2,0,0,0,1,0,3,1,0,0,1,1,2,1,2,2,3,0,2,1,2,2,2,0,1,0,2,1,1,1,1,27,1,1,1,1,1,0,3,1,2,0,1,0,1,1,0,0,0,1,1,0,1,1,72,1,0,0,3,1,1,0,0,2,10,0,2,1,3,1,1,1,2,1,2,1,2,2,0,0,0,0,0,0,1,0,0,2,0,5,1,6,1,2,0,3,2,1,0,1,1,1,1,0,0,3,3,0,2,2,1,1,3,0,1,0,1,2,1,1,1,0,0,0,2,0,1,1,0,0,2,0,0,0,7,1,1,1,1,0,1,2,64,0,0,0,1,2,2,1,0,4,1,1,1,2,1,0,1,1,1,1,1,0,1,0,0,1,1,0,0,1,0,15,0,1,1,1,1,1,1,1,1,0,0,1,0,17,6,6,10,0,1,2,1
5,2020-05-16,0,2,0,1,2,1,1,0,2,0,0,0,1,0,3,1,0,0,1,1,2,1,2,2,3,0,2,1,2,2,2,0,1,0,2,1,1,1,1,27,1,1,1,1,1,0,3,1,2,0,1,0,1,1,0,0,0,1,1,0,1,1,72,1,0,0,3,1,1,0,0,2,10,0,2,1,3,1,1,1,2,1,2,1,2,2,0,0,0,0,0,0,1,0,0,2,0,5,1,6,1,2,0,3,2,1,0,1,1,1,1,0,0,3,3,0,2,2,1,1,3,0,1,0,1,2,1,1,1,0,0,0,2,0,1,1,0,0,2,0,0,0,7,1,1,1,1,0,1,2,64,0,0,0,1,2,2,1,0,4,1,1,1,2,1,0,1,1,1,1,1,0,1,0,0,1,1,0,0,1,0,15,0,1,1,1,1,1,1,1,1,0,0,1,0,17,6,6,10,0,1,2,1
6,2020-05-15,0,2,0,1,2,1,1,0,2,0,0,0,1,0,3,1,0,0,1,1,2,1,2,2,3,0,2,1,2,2,2,0,1,0,2,1,1,1,1,27,1,1,1,1,1,0,3,1,2,0,1,0,1,1,0,0,0,1,1,0,1,1,72,1,0,0,3,1,1,0,0,2,10,0,2,1,3,1,1,1,2,1,2,1,2,2,0,0,0,0,0,0,1,0,0,2,0,5,1,6,1,2,0,3,2,1,0,1,1,1,1,0,0,3,3,0,2,2,1,1,3,0,1,0,1,2,1,1,1,0,0,0,2,0,1,1,0,0,2,0,0,0,7,1,1,1,1,0,1,2,64,0,0,0,1,2,2,1,0,4,1,1,1,2,1,0,1,1,1,1,1,0,1,0,0,1,1,0,0,1,0,15,0,1,1,1,1,1,1,1,1,0,0,1,0,17,6,6,10,0,1,2,1
7,2020-05-14,0,2,0,1,2,1,1,0,2,0,0,0,1,0,3,1,0,0,1,1,2,1,2,2,3,0,2,1,2,2,2,0,1,0,2,1,1,1,1,27,1,1,1,1,1,0,3,1,2,0,1,0,1,1,0,0,0,1,1,0,1,1,72,1,0,0,3,1,1,0,0,2,10,0,2,1,3,1,1,1,2,1,2,1,2,2,0,0,0,0,0,0,1,0,0,2,0,5,1,6,1,2,0,3,2,1,0,1,1,1,1,0,0,3,3,0,2,2,1,1,3,0,1,0,1,2,1,1,1,0,0,0,2,0,1,1,0,0,2,0,0,0,7,1,1,1,1,0,1,2,64,0,0,0,1,2,2,1,0,4,1,1,1,2,1,0,1,1,1,1,1,0,1,0,0,1,1,0,0,1,0,15,0,1,1,1,1,1,1,1,1,0,0,1,0,17,6,6,10,0,1,2,1
8,2020-05-13,0,2,0,1,2,1,1,0,2,0,0,0,1,0,3,1,0,0,1,1,2,1,2,2,3,0,2,1,2,2,2,0,1,0,2,1,1,1,1,27,1,1,1,1,1,0,3,1,2,0,1,0,1,1,0,0,0,1,1,0,1,1,72,1,0,0,3,1,1,0,0,2,10,0,2,1,3,1,1,1,2,1,2,1,2,2,0,0,0,0,0,0,1,0,0,2,0,5,1,6,1,2,0,3,2,1,0,1,1,1,1,0,0,3,3,0,2,2,1,1,3,0,1,0,1,2,1,1,1,0,0,0,2,0,1,1,0,0,2,0,0,0,7,1,1,1,1,0,1,2,64,0,0,0,1,2,2,1,0,4,1,1,1,2,1,0,1,1,1,1,1,0,1,0,0,1,1,0,0,1,0,15,0,1,1,1,1,1,1,1,1,0,0,1,0,17,6,6,10,0,1,2,1
9,2020-05-12,0,2,0,1,2,1,1,0,2,0,0,0,1,0,3,1,0,0,1,1,2,1,2,2,3,0,2,1,2,2,2,0,1,0,2,1,1,1,1,27,1,1,1,1,1,0,3,1,2,0,1,0,1,1,0,0,0,1,1,0,1,1,72,1,0,0,3,1,1,0,0,2,10,0,2,1,3,1,1,1,2,1,2,1,2,2,0,0,0,0,0,0,1,0,0,2,0,5,1,6,1,2,0,3,2,1,0,1,1,1,1,0,0,3,3,0,2,2,1,1,3,0,1,0,1,2,1,1,1,0,0,0,2,0,1,1,0,0,2,0,0,0,7,1,1,1,1,0,1,2,64,0,0,0,1,2,2,1,0,4,1,1,1,2,1,0,1,1,1,1,1,0,1,0,0,1,1,0,0,1,0,15,0,1,1,1,1,1,1,1,1,0,0,1,0,17,6,6,10,0,1,2,1
10,2020-05-11,0,2,0,1,2,1,1,0,2,0,0,0,1,0,3,1,0,0,1,1,2,1,2,2,3,0,2,1,2,2,2,0,1,0,2,1,1,1,1,27,1,1,1,1,1,0,3,1,2,0,1,0,1,1,0,0,0,1,1,0,1,1,72,1,0,0,3,1,1,0,0,2,10,0,2,1,3,1,1,1,2,1,2,1,2,2,0,0,0,0,0,0,1,0,0,2,0,5,1,6,1,2,0,3,2,1,0,1,1,1,1,0,0,3,3,0,2,2,1,1,3,0,1,0,1,2,1,1,1,0,0,0,2,0,1,1,0,0,2,0,0,0,7,1,1,1,1,0,1,2,64,0,0,0,1,2,2,1,0,4,1,1,1,2,1,0,1,1,1,1,1,0,1,0,0,1,1,0,0,1,0,15,0,1,1,1,1,1,1,1,1,0,0,1,0,17,6,6,10,0,1,2,1
11,2020-05-10,0,2,0,1,2,1,1,0,2,0,0,0,1,0,3,1,0,0,1,1,2,1,2,2,3,0,2,1,2,2,2,0,1,0,2,1,1,1,1,27,1,1,1,1,1,0,3,1,2,0,1,0,1,1,0,0,0,1,1,0,1,1,72,1,0,0,3,1,1,0,0,2,10,0,2,1,3,1,1,1,2,1,2,1,2,2,0,0,0,0,0,0,1,0,0,2,0,5,1,6,1,2,0,3,2,1,0,1,1,1,1,0,0,3,3,0,2,2,1,1,3,0,1,0,1,2,1,1,1,0,0,0,2,0,1,1,0,0,2,0,0,0,7,1,1,1,1,0,1,2,64,0,0,0,1,2,2,1,0,4,1,1,1,2,1,0,1,1,1,1,1,0,1,0,0,1,1,0,0,1,0,15,0,1,1,1,1,1,1,1,1,0,0,1,0,17,6,6,10,0,1,2,1
12,2020-05-09,0,2,0,1,2,1,1,0,2,0,0,0,1,0,3,1,0,0,1,1,2,1,2,2,3,0,2,1,2,2,2,0,1,0,2,1,1,1,1,27,1,1,1,1,1,0,3,1,2,0,1,0,1,1,0,0,0,1,1,0,1,1,72,1,0,0,3,1,1,0,0,2,10,0,2,1,3,1,1,1,2,1,2,1,2,2,0,0,0,0,0,0,1,0,0,2,0,5,1,6,1,2,0,3,2,1,0,1,1,1,1,0,0,3,3,0,2,2,1,1,3,0,1,0,1,2,1,1,1,0,0,0,2,0,1,1,0,0,2,0,0,0,7,1,1,1,1,0,1,2,64,0,0,0,1,2,2,1,0,4,1,1,1,2,1,0,1,1,1,1,1,0,1,0,0,1,1,0,0,1,0,15,0,1,1,1,1,1,1,1,1,0,0,1,0,17,6,6,10,0,1,2,1
13,2020-05-08,0,2,0,1,2,1,1,0,2,0,0,0,1,0,3,1,0,0,1,1,2,1,2,2,3,0,2,1,2,2,2,0,1,0,2,1,1,1,1,27,1,1,1,1,1,0,3,1,2,0,1,0,1,1,0,0,0,1,1,0,1,1,72,1,0,0,3,1,1,0,0,2,10,0,2,1,3,1,1,1,2,1,2,1,2,2,0,0,0,0,0,0,1,0,0,2,0,5,1,6,1,2,0,3,2,1,0,1,1,1,1,0,0,3,3,0,2,2,1,1,3,0,1,0,1,2,1,1,1,0,0,0,2,0,1,1,0,0,2,0,0,0,7,1,1,1,1,0,1,2,64,0,0,0,1,2,2,1,0,4,1,1,1,2,1,0,1,1,1,1,1,0,1,0,0,1,1,0,0,1,0,15,0,1,1,1,1,1,1,1,1,0,0,1,0,17,6,6,10,0,1,2,1
14,2020-05-07,0,2,0,1,2,1,1,0,2,0,0,0,1,0,3,1,0,0,1,1,2,1,2,2,3,0,2,1,2,2,2,0,1,0,2,1,1,1,1,27,1,1,1,1,1,0,3,1,2,0,1,0,1,1,0,0,0,1,1,0,1,1,72,1,0,0,3,1,1,0,0,2,10,0,2,1,3,1,1,1,2,1,2,1,2,2,0,0,0,0,0,0,1,0,0,2,0,5,1,6,1,2,0,3,2,1,0,1,1,1,1,0,0,3,3,0,2,2,1,1,3,0,1,0,1,2,1,1,1,0,0,0,2,0,1,1,0,0,2,0,0,0,7,1,1,1,1,0,1,2,64,0,0,0,1,2,2,1,0,4,1,1,1,2,1,0,1,1,1,1,1,0,1,0,0,1,1,0,0,1,0,15,0,1,1,1,1,1,1,1,1,0,0,1,0,17,6,6,10,0,1,2,1
15,2020-05-06,0,2,0,1,2,1,1,0,2,0,0,0,1,0,3,1,0,0,1,1,2,1,2,2,3,0,2,1,2,2,2,0,1,0,2,1,1,1,1,27,1,1,1,1,1,0,3,1,2,0,1,0,1,1,0,0,0,1,1,0,1,1,72,1,0,0,3,1,1,0,0,2,10,0,2,1,3,1,1,1,2,1,2,1,2,2,0,0,0,0,0,0,1,0,0,2,0,5,1,6,1,2,0,3,2,1,0,1,1,1,1,0,0,3,3,0,2,2,1,1,3,0,1,0,1,2,1,1,1,0,0,0,2,0,1,1,0,0,2,0,0,0,7,1,1,1,1,0,1,2,64,0,0,0,1,2,2,1,0,4,1,1,1,2,1,0,1,1,1,1,1,0,1,0,0,1,1,0,0,1,0,15,0,1,1,1,1,1,1,1,1,0,0,1,0,17,6,6,10,0,1,2,1
16,2020-05-05,0,2,0,1,2,1,1,0,2,0,0,0,1,0,3,1,0,0,1,1,2,1,2,2,3,0,2,1,2,2,2,0,1,0,2,1,1,1,1,27,1,1,1,1,1,0,3,1,2,0,1,0,1,1,0,0,0,1,1,0,1,1,72,1,0,0,3,1,1,0,0,2,10,0,2,1,3,1,1,1,2,1,2,1,2,2,0,0,0,0,0,0,1,0,0,2,0,5,1,6,1,2,0,3,2,1,0,1,1,1,1,0,0,3,3,0,2,2,1,1,3,0,1,0,1,2,1,1,1,0,0,0,2,0,1,1,0,0,2,0,0,0,7,1,1,1,1,0,1,2,64,0,0,0,1,2,2,1,0,4,1,1,1,2,1,0,1,1,1,1,1,0,1,0,0,1,1,0,0,1,0,15,0,1,1,1,1,1,1,1,1,0,0,1,0,17,6,6,10,0,1,2,1
17,2020-05-04,0,2,0,1,2,1,1,0,2,0,0,0,1,0,3,1,0,0,1,1,2,1,2,2,3,0,2,1,2,2,2,0,1,0,2,1,1,1,1,27,1,1,1,1,1,0,3,1,2,0,1,0,1,1,0,0,0,1,1,0,1,1,72,1,0,0,3,1,1,0,0,2,10,0,2,1,3,1,1,1,2,1,2,1,2,2,0,0,0,0,0,0,1,0,0,2,0,5,1,6,1,2,0,3,2,1,0,1,1,1,1,0,0,3,3,0,2,2,1,1,3,0,1,0,1,2,1,1,1,0,0,0,2,0,1,1,0,0,2,0,0,0,7,1,1,1,1,0,1,2,64,0,0,0,1,2,2,1,0,4,1,1,1,2,1,0,1,1,1,1,1,0,1,0,0,1,1,0,0,1,0,15,0,1,1,1,1,1,1,1,1,0,0,1,0,17,6,6,10,0,1,2,1
18,2020-05-03,0,2,0,1,2,1,1,0,2,0,0,0,1,0,3,1,0,0,1,1,2,1,2,2,3,0,2,1,2,2,2,0,1,0,2,1,1,1,1,27,1,1,1,1,1,0,3,1,2,0,1,0,1,1,0,0,0,1,1,0,1,1,72,1,0,0,3,1,1,0,0,2,10,0,2,1,3,1,1,1,2,1,2,1,2,2,0,0,0,0,0,0,1,0,0,2,0,5,1,6,1,2,0,3,2,1,0,1,1,1,1,0,0,3,3,0,2,2,1,1,3,0,1,0,1,2,1,1,1,0,0,0,2,0,1,1,0,0,2,0,0,0,7,1,1,1,1,0,1,2,64,0,0,0,1,2,2,1,0,4,1,1,1,2,1,0,1,1,1,1,1,0,1,0,0,1,1,0,0,1,0,15,0,1,1,1,1,1,1,1,1,0,0,1,0,17,6,6,10,0,1,2,1
19,2020-05-02,0,2,0,1,2,1,1,0,2,0,0,0,1,0,3,1,0,0,1,1,2,1,2,2,3,0,2,1,2,2,2,0,1,0,2,1,1,1,1,27,1,1,1,1,1,0,3,1,2,0,1,0,1,1,0,0,0,1,1,0,1,1,72,1,0,0,3,1,1,0,0,2,10,0,2,1,3,1,1,1,2,1,2,1,2,2,0,0,0,0,0,0,1,0,0,2,0,5,1,6,1,2,0,3,2,1,0,1,1,1,1,0,0,3,3,0,2,2,1,1,3,0,1,0,1,2,1,1,1,0,0,0,2,0,1,1,0,0,2,0,0,0,7,1,1,1,1,0,1,2,64,0,0,0,1,2,2,1,0,4,1,1,1,2,1,0,1,1,1,1,1,0,1,0,0,1,1,0,0,1,0,15,0,1,1,1,1,1,1,1,1,0,0,1,0,17,6,6,10,0,1,2,1
20,2020-05-01,0,2,0,1,2,1,1,0,2,0,0,0,1,0,3,1,0,0,1,1,2,1,2,2,3,0,2,1,2,2,2,0,1,0,2,1,1,1,1,27,1,1,1,1,1,0,3,1,2,0,1,0,1,1,0,0,0,1,1,0,1,1,72,1,0,0,3,1,1,0,0,2,10,0,2,1,3,1,1,1,2,1,2,1,2,2,0,0,0,0,0,0,1,0,0,2,0,5,1,6,1,2,0,3,2,1,0,1,1,1,1,0,0,3,3,0,2,2,1,1,3,0,1,0,1,2,1,1,1,0,0,0,2,0,1,1,0,0,2,0,0,0,7,1,1,1,1,0,1,2,64,0,0,0,1,2,2,1,0,4,1,1,1,2,1,0,1,1,1,1,1,0,1,0,0,1,1,0,0,1,0,15,0,1,1,1,1,1,1,1,1,0,0,1,0,17,6,6,10,0,1,2,1
21,2020-04-30,0,2,0,1,2,1,1,0,2,0,0,0,1,0,3,1,0,0,1,1,2,1,2,2,3,0,2,1,2,2,2,0,1,0,2,1,1,1,1,27,1,1,1,1,1,0,3,1,2,0,1,0,1,1,0,0,0,1,1,0,1,1,72,1,0,0,3,1,1,0,0,2,10,0,2,1,3,1,1,1,2,1,2,1,2,2,0,0,0,0,0,0,1,0,0,2,0,5,1,6,1,2,0,3,2,1,0,1,1,1,1,0,0,3,3,0,2,2,1,1,3,0,1,0,1,2,1,1,1,0,0,0,2,0,1,1,0,0,2,0,0,0,7,1,1,1,1,0,1,2,64,0,0,0,1,2,2,1,0,4,1,1,1,2,1,0,1,1,1,1,1,0,1,0,0,1,1,0,0,1,0,15,0,1,1,1,1,1,1,1,1,0,0,1,0,17,6,6,10,0,1,2,1
22,2020-04-29,0,2,0,1,2,1,1,0,2,0,0,0,1,0,3,1,0,0,1,1,2,1,2,2,3,0,2,1,2,2,2,0,1,0,2,1,1,1,1,27,1,1,1,1,1,0,3,1,2,0,1,0,1,1,0,0,0,1,1,0,1,1,72,1,0,0,3,1,1,0,0,2,10,0,2,1,3,1,1,1,2,1,2,1,2,2,0,0,0,0,0,0,1,0,0,2,0,5,1,6,1,2,0,3,2,1,0,1,1,1,1,0,0,3,3,0,2,2,1,1,3,0,1,0,1,2,1,1,1,0,0,0,2,0,1,1,0,0,2,0,0,0,7,1,1,1,1,0,1,2,64,0,0,0,1,2,2,1,0,4,1,1,1,2,1,0,1,1,1,1,1,0,1,0,0,1,1,0,0,1,0,15,0,1,1,1,1,1,1,1,1,0,0,1,0,17,6,6,10,0,1,2,1
23,2020-04-28,0,2,0,1,2,1,1,0,2,0,0,0,1,0,3,1,0,0,1,1,2,1,2,2,3,0,2,1,2,2,2,0,1,0,2,1,1,1,1,27,1,1,1,1,1,0,3,1,2,0,1,0,1,1,0,0,0,1,1,0,1,1,72,1,0,0,3,1,1,0,0,2,10,0,2,1,3,1,1,1,2,1,2,1,2,2,0,0,0,0,0,0,1,0,0,2,0,5,1,6,1,2,0,3,2,1,0,1,1,1,1,0,0,3,3,0,2,2,1,1,3,0,1,0,1,2,1,1,1,0,0,0,2,0,1,1,0,0,2,0,0,0,7,1,1,1,1,0,1,2,64,0,0,0,1,2,2,1,0,4,1,1,1,2,1,0,1,1,1,1,1,0,1,0,0,1,1,0,0,1,0,15,0,1,1,1,1,1,1,1,1,0,0,1,0,17,6,6,10,0,1,2,1
24,2020-04-27,0,2,0,1,2,1,1,0,2,0,0,0,1,0,3,1,0,0,1,1,2,1,2,2,3,0,2,1,2,2,2,0,1,0,2,1,1,1,1,27,1,1,1,1,1,0,3,1,2,0,1,0,1,1,0,0,0,1,1,0,1,1,72,1,0,0,3,1,1,0,0,2,10,0,2,1,3,1,1,1,2,1,2,1,2,2,0,0,0,0,0,0,1,0,0,2,0,5,1,6,1,2,0,3,2,1,0,1,1,1,1,0,0,3,3,0,2,2,1,1,3,0,1,0,1,2,1,1,1,0,0,0,2,0,1,1,0,0,2,0,0,0,7,1,1,1,1,0,1,2,64,0,0,0,1,2,2,1,0,4,1,1,1,2,1,0,1,1,1,1,1,0,1,0,0,1,1,0,0,1,0,15,0,1,1,1,1,1,1,1,1,0,0,1,0,17,6,6,10,0,1,2,1
25,2020-04-26,0,2,0,1,2,1,1,0,2,0,0,0,1,0,3,1,0,0,1,1,2,1,2,2,3,0,2,1,2,2,2,0,1,0,2,1,1,1,1,27,1,1,1,1,1,0,3,1,2,0,1,0,1,1,0,0,0,1,1,0,1,1,72,1,0,0,3,1,1,0,0,2,10,0,2,1,3,1,1,1,2,1,2,1,2,2,0,0,0,0,0,0,1,0,0,2,0,5,1,6,1,2,0,3,2,1,0,1,1,1,1,0,0,3,3,0,2,2,1,1,3,0,1,0,1,2,1,1,1,0,0,0,2,0,1,1,0,0,2,0,0,0,7,1,1,1,1,0,1,2,64,0,0,0,1,2,2,1,0,4,1,1,1,2,1,0,1,1,1,1,1,0,1,0,0,1,1,0,0,1,0,15,0,1,1,1,1,1,1,1,1,0,0,1,0,17,6,6,10,0,1,2,1
26,2020-04-25,0,2,0,1,2,1,1,0,2,0,0,0,1,0,3,1,0,0,1,1,2,1,2,2,3,0,2,1,2,2,2,0,1,0,2,1,1,1,1,27,1,1,1,1,1,0,3,1,2,0,1,0,1,1,0,0,0,1,1,0,1,1,72,1,0,0,3,1,1,0,0,2,10,0,2,1,3,1,1,1,2,1,2,1,2,2,0,0,0,0,0,0,1,0,0,2,0,5,1,6,1,2,0,3,2,1,0,1,1,1,1,0,0,3,3,0,2,2,1,1,3,0,1,0,1,2,1,1,1,0,0,0,2,0,1,1,0,0,2,0,0,0,7,1,1,1,1,0,1,2,64,0,0,0,1,2,2,1,0,4,1,1,1,2,1,0,1,1,1,1,1,0,1,0,0,1,1,0,0,1,0,15,0,1,1,1,1,1,1,1,1,0,0,1,0,17,6,6,10,0,1,2,1
27,2020-04-24,0,2,0,1,2,1,1,0,2,0,0,0,1,0,3,1,0,0,1,1,2,1,2,2,3,0,2,1,2,2,2,0,1,0,2,1,1,1,1,27,1,1,1,1,1,0,3,1,2,0,1,0,1,1,0,0,0,1,1,0,1,1,72,1,0,0,3,1,1,0,0,2,10,0,2,1,3,1,1,1,2,1,2,1,2,2,0,0,0,0,0,0,1,0,0,2,0,5,1,6,1,2,0,3,2,1,0,1,1,1,1,0,0,3,3,0,2,2,1,1,3,0,1,0,1,2,1,1,1,0,0,0,2,0,1,1,0,0,2,0,0,0,7,1,1,1,1,0,1,2,64,0,0,0,1,2,2,1,0,4,1,1,1,2,1,0,1,1,1,1,1,0,1,0,0,1,1,0,0,1,0,15,0,1,1,1,1,1,1,1,1,0,0,1,0,17,6,6,10,0,1,2,1
28,2020-04-23,0,2,0,1,2,1,1,0,2,0,0,0,1,0,3,1,0,0,1,1,2,1,2,2,3,0,2,1,2,2,2,0,1,0,2,1,1,1,1,27,1,1,1,1,1,0,3,1,2,0,1,0,1,1,0,0,0,1,1,0,1,1,72,1,0,0,3,1,1,0,0,2,10,0,2,1,3,1,1,1,2,1,2,1,2,2,0,0,0,0,0,0,1,0,0,2,0,5,1,6,1,2,0,3,2,1,0,1,1,1,1,0,0,3,3,0,2,2,1,1,3,0,1,0,1,2,1,1,1,0,0,0,2,0,1,1,0,0,2,0,0,0,7,1,1,1,1,0,1,2,64,0,0,0,1,2,2,1,0,4,1,1,1,2,1,0,1,1,1,1,1,0,1,0,0,1,1,0,0,1,0,15,0,1,1,1,1,1,1,1,1,0,0,1,0,17,6,6,10,0,1,2,1
29,2020-04-22,0,2,0,1,2,1,1,0,2,0,0,0,1,0,3,1,0,0,1,1,2,1,2,2,3,0,2,1,2,2,2,0,1,0,2,1,1,1,1,27,1,1,1,1,1,0,3,1,2,0,1,0,1,1,0,0,0,1,1,0,1,1,72,1,0,0,3,1,1,0,0,2,10,0,2,1,3,1,1,1,2,1,2,1,2,2,0,0,0,0,0,0,1,0,0,2,0,5,1,6,1,2,0,3,2,1,0,1,1,1,1,0,0,3,3,0,2,2,1,1,3,0,1,0,1,2,1,1,1,0,0,0,2,0,1,1,0,0,2,0,0,0,7,1,1,1,1,0,1,2,64,0,0,0,1,2,2,1,0,4,1,1,1,2,1,0,1,1,1,1,1,0,1,0,0,1,1,0,0,1,0,15,0,1,1,1,1,1,1,1,1,0,0,1,0,17,6,6,10,0,1,2,1
30,2020-04-21,0,2,0,1,2,1,1,0,2,0,0,0,1,0,3,1,0,0,1,1,2,1,2,2,3,0,2,1,2,2,2,0,1,0,2,1,1,1,1,27,1,1,1,1,1,0,3,1,2,0,1,0,1,1,0,0,0,1,1,0,1,1,72,1,0,0,3,1,1,0,0,2,10,0,2,1,3,1,1,1,2,1,2,1,2,2,0,0,0,0,0,0,1,0,0,2,0,5,1,6,1,2,0,3,2,1,0,1,1,1,1,0,0,3,3,0,2,2,1,1,3,0,1,0,1,2,1,1,1,0,0,0,2,0,1,1,0,0,2,0,0,0,7,1,1,1,1,0,1,2,64,0,0,0,1,2,2,1,0,4,1,1,1,2,1,0,1,1,1,1,1,0,1,0,0,1,1,0,0,1,0,15,0,1,1,1,1,1,1,1,1,0,0,1,0,17,6,6,10,0,1,2,1
31,2020-04-20,0,2,0,1,2,1,1,0,2,0,0,0,1,0,3,1,0,0,1,1,2,1,2,2,3,0,2,1,2,2,2,0,1,0,2,1,1,1,1,27,1,1,1,1,1,0,3,1,2,0,1,0,1,1,0,0,0,1,1,0,1,1,72,1,0,0,3,1,1,0,0,2,10,0,2,1,3,1,1,1,2,1,2,1,2,2,0,0,0,0,0,0,1,0,0,2,0,5,1,6,1,2,0,3,2,1,0,1,1,1,1,0,0,3,3,0,2,2,1,1,3,0,1,0,1,2,1,1,1,0,0,0,2,0,1,1,0,0,2,0,0,0,7,1,1,1,1,0,1,2,64,0,0,0,1,2,2,1,0,4,1,1,1,2,1,0,1,1,1,1,1,0,1,0,0,1,1,0,0,1,0,15,0,1,1,1,1,1,1,1,1,0,0,1,0,17,6,6,10,0,1,2,1
32,2020-04-19,0,2,0,1,2,1,1,0,2,0,0,0,1,0,3,1,0,0,1,1,2,1,2,2,3,0,2,1,2,2,2,0,1,0,2,1,1,1,1,27,1,1,1,1,1,0,3,1,2,0,1,0,1,1,0,0,0,1,1,0,1,1,72,1,0,0,3,1,1,0,0,2,10,0,2,1,3,1,1,1,2,1,2,1,2,2,0,0,0,0,0,0,1,0,0,2,0,5,1,6,1,2,0,3,2,1,0,1,1,1,1,0,0,3,3,0,2,2,1,1,3,0,1,0,1,2,1,1,1,0,0,0,2,0,1,1,0,0,2,0,0,0,7,1,1,1,1,0,1,2,64,0,0,0,1,2,2,1,0,4,1,1,1,2,1,0,1,1,1,1,1,0,1,0,0,1,1,0,0,1,0,15,0,1,1,1,1,1,1,1,1,0,0,1,0,17,6,6,10,0,1,2,1
33,2020-04-18,0,2,0,1,2,1,1,0,2,0,0,0,1,0,3,1,0,0,1,1,2,1,2,2,3,0,2,1,2,2,2,0,1,0,2,1,1,1,1,27,1,1,1,1,1,0,3,1,2,0,1,0,1,1,0,0,0,1,1,0,1,1,72,1,0,0,3,1,1,0,0,2,10,0,2,1,3,1,1,1,2,1,2,1,2,2,0,0,0,0,0,0,1,0,0,2,0,5,1,6,1,2,0,3,2,1,0,1,1,1,1,0,0,3,3,0,2,2,1,1,3,0,1,0,1,2,1,1,1,0,0,0,2,0,1,1,0,0,2,0,0,0,7,1,1,1,1,0,1,2,64,0,0,0,1,2,2,1,0,4,1,1,1,2,1,0,1,1,1,1,1,0,1,0,0,1,1,0,0,1,0,15,0,1,1,1,1,1,1,1,1,0,0,1,0,17,6,6,10,0,1,2,1
34,2020-04-17,0,2,0,1,2,1,1,0,2,0,0,0,1,0,3,1,0,0,1,1,2,1,2,2,3,0,2,1,2,2,2,0,1,0,2,1,1,1,1,27,1,1,1,1,1,0,3,1,2,0,1,0,1,1,0,0,0,1,1,0,1,1,72,1,0,0,3,1,1,0,0,2,10,0,2,1,3,1,1,1,2,1,2,1,2,2,0,0,0,0,0,0,1,0,0,2,0,5,1,6,1,2,0,3,2,1,0,1,1,1,1,0,0,3,3,0,2,2,1,1,3,0,1,0,1,2,1,1,1,0,0,0,2,0,1,1,0,0,2,0,0,0,7,1,1,1,1,0,1,2,64,0,0,0,1,2,2,1,0,4,1,1,1,2,1,0,1,1,1,1,1,0,1,0,0,1,1,0,0,1,0,15,0,1,1,1,1,1,1,1,1,0,0,1,0,17,6,6,10,0,1,2,1
35,2020-04-16,0,2,0,1,2,1,1,0,2,0,0,0,1,0,3,1,0,0,1,1,2,1,2,2,3,0,2,1,2,2,2,0,1,0,2,1,1,1,1,27,1,1,1,1,1,0,3,1,2,0,1,0,1,1,0,0,0,1,1,0,1,1,72,1,0,0,3,1,1,0,0,2,10,0,2,1,3,1,1,1,2,1,2,1,2,2,0,0,0,0,0,0,1,0,0,2,0,5,1,6,1,2,0,3,2,1,0,1,1,1,1,0,0,3,3,0,2,2,1,1,3,0,1,0,1,2,1,1,1,0,0,0,2,0,1,1,0,0,2,0,0,0,7,1,1,1,1,0,1,2,64,0,0,0,1,2,2,1,0,4,1,1,1,2,1,0,1,1,1,1,1,0,1,0,0,1,1,0,0,1,0,15,0,1,1,1,1,1,1,1,1,0,0,1,0,17,6,6,10,0,1,2,1
36,2020-04-15,0,2,0,1,2,1,1,0,2,0,0,0,1,0,3,1,0,0,1,1,2,1,2,2,3,0,2,1,2,2,2,0,1,0,2,1,1,1,1,27,1,1,1,1,1,0,3,1,2,0,1,0,1,1,0,0,0,1,1,0,1,1,72,1,0,0,3,1,1,0,0,2,10,0,2,1,3,1,1,1,2,1,2,1,2,2,0,0,0,0,0,0,1,0,0,2,0,5,1,6,1,2,0,3,2,1,0,1,1,1,1,0,0,3,3,0,2,2,1,1,3,0,1,0,1,2,1,1,1,0,0,0,2,0,1,1,0,0,2,0,0,0,7,1,1,1,1,0,1,2,64,0,0,0,1,2,2,1,0,4,1,1,1,2,1,0,1,1,1,1,1,0,1,0,0,1,1,0,0,1,0,15,0,1,1,1,1,1,1,1,1,0,0,1,0,17,6,6,10,0,1,2,1
37,2020-04-14,0,2,0,1,2,1,1,0,2,0,0,0,1,0,3,1,0,0,1,1,2,1,2,2,3,0,2,1,2,2,2,0,1,0,2,1,1,1,1,27,1,1,1,1,1,0,3,1,2,0,1,0,1,1,0,0,0,1,1,0,1,1,72,1,0,0,3,1,1,0,0,2,10,0,2,1,3,1,1,1,2,1,2,1,2,2,0,0,0,0,0,0,1,0,0,2,0,5,1,6,1,2,0,3,2,1,0,1,1,1,1,0,0,3,3,0,2,2,1,1,3,0,1,0,1,2,1,1,1,0,0,0,2,0,1,1,0,0,2,0,0,0,7,1,1,1,1,0,1,2,64,0,0,0,1,2,2,1,0,4,1,1,1,2,1,0,1,1,1,1,1,0,1,0,0,1,1,0,0,1,0,15,0,1,1,1,1,1,1,1,1,0,0,1,0,17,6,6,10,0,1,2,1
38,2020-04-13,0,2,0,1,2,1,1,0,2,0,0,0,1,0,3,1,0,0,1,1,2,1,2,2,3,0,2,1,2,2,2,0,1,0,2,1,1,1,1,27,1,1,1,1,1,0,3,1,2,0,1,0,1,1,0,0,0,1,1,0,1,1,72,1,0,0,3,1,1,0,0,2,10,0,2,1,3,1,1,1,2,1,2,1,2,2,0,0,0,0,0,0,1,0,0,2,0,5,1,6,1,2,0,3,2,1,0,1,1,1,1,0,0,3,3,0,2,2,1,1,3,0,1,0,1,2,1,1,1,0,0,0,2,0,1,1,0,0,2,0,0,0,7,1,1,1,1,0,1,2,64,0,0,0,1,2,2,1,0,4,1,1,1,2,1,0,1,1,1,1,1,0,1,0,0,1,1,0,0,1,0,15,0,1,1,1,1,1,1,1,1,0,0,1,0,17,6,6,10,0,1,2,1
39,2020-04-12,0,2,0,1,2,1,1,0,2,0,0,0,1,0,3,1,0,0,1,1,2,1,2,2,3,0,2,1,2,2,2,0,1,0,2,1,1,1,1,27,1,1,1,1,1,0,3,1,2,0,1,0,1,1,0,0,0,1,1,0,1,1,72,1,0,0,3,1,1,0,0,2,10,0,2,1,3,1,1,1,2,1,2,1,2,2,0,0,0,0,0,0,1,0,0,2,0,5,1,6,1,2,0,3,2,1,0,1,1,1,1,0,0,3,3,0,2,2,1,1,3,0,1,0,1,2,1,1,1,0,0,0,2,0,1,1,0,0,2,0,0,0,7,1,1,1,1,0,1,2,64,0,0,0,1,2,2,1,0,4,1,1,1,2,1,0,1,1,1,1,1,0,1,0,0,1,1,0,0,1,0,15,0,1,1,1,1,1,1,1,1,0,0,1,0,17,6,6,10,0,1,2,1
40,2020-04-11,0,2,0,1,2,1,1,0,2,0,0,0,1,0,3,1,0,0,1,1,2,1,2,2,3,0,2,1,2,2,2,0,1,0,2,1,1,1,1,27,1,1,1,1,1,0,3,1,2,0,1,0,1,1,0,0,0,1,1,0,1,1,72,1,0,0,3,1,1,0,0,2,10,0,2,1,3,1,1,1,2,1,2,1,2,2,0,0,0,0,0,0,1,0,0,2,0,5,1,6,1,2,0,3,2,1,0,1,1,1,1,0,0,3,3,0,2,2,1,1,3,0,1,0,1,2,1,1,1,0,0,0,2,0,1,1,0,0,2,0,0,0,7,1,1,1,1,0,1,2,64,0,0,0,1,2,2,1,0,4,1,1,1,2,1,0,1,1,1,1,1,0,1,0,0,1,1,0,0,1,0,15,0,1,1,1,1,1,1,1,1,0,0,1,0,17,6,6,10,0,1,2,1
41,2020-04-10,0,2,0,1,2,1,1,0,2,0,0,0,1,0,3,1,0,0,1,1,2,1,2,2,3,0,2,1,2,2,2,0,1,0,2,1,1,1,1,27,1,1,1,1,1,0,3,1,2,0,1,0,1,1,0,0,0,1,1,0,1,1,72,1,0,0,3,1,1,0,0,2,10,0,2,1,3,1,1,1,2,1,2,1,2,2,0,0,0,0,0,0,1,0,0,2,0,5,1,6,1,2,0,3,2,1,0,1,1,1,1,0,0,3,3,0,2,2,1,1,3,0,1,0,1,2,1,1,1,0,0,0,2,0,1,1,0,0,2,0,0,0,7,1,1,1,1,0,1,2,64,0,0,0,1,2,2,1,0,4,1,1,1,2,1,0,1,1,1,1,1,0,1,0,0,1,1,0,0,1,0,15,0,1,1,1,1,1,1,1,1,0,0,1,0,17,6,6,10,0,1,2,1
42,2020-04-09,0,2,0,1,2,1,1,0,2,0,0,0,1,0,3,1,0,0,1,1,2,1,2,2,3,0,2,1,2,2,2,0,1,0,2,1,1,1,1,27,1,1,1,1,1,0,3,1,2,0,1,0,1,1,0,0,0,1,1,0,1,1,72,1,0,0,3,1,1,0,0,2,10,0,2,1,3,1,1,1,2,1,2,1,2,2,0,0,0,0,0,0,1,0,0,2,0,5,1,6,1,2,0,3,2,1,0,1,1,1,1,0,0,3,3,0,2,2,1,1,3,0,1,0,1,2,1,1,1,0,0,0,2,0,1,1,0,0,2,0,0,0,7,1,1,1,1,0,1,2,64,0,0,0,1,2,2,1,0,4,1,1,1,2,1,0,1,1,1,1,1,0,1,0,0,1,1,0,0,1,0,15,0,1,1,1,1,1,1,1,1,0,0,1,0,17,6,6,10,0,1,2,1
43,2020-04-08,0,2,0,1,2,1,1,0,2,0,0,0,1,0,3,1,0,0,1,1,2,1,2,2,3,0,2,1,2,2,2,0,1,0,2,1,1,1,1,27,1,1,1,1,1,0,3,1,2,0,1,0,1,1,0,0,0,1,1,0,1,1,72,1,0,0,3,1,1,0,0,2,10,0,2,1,3,1,1,1,2,1,2,1,2,2,0,0,0,0,0,0,1,0,0,2,0,5,1,6,1,2,0,3,2,1,0,1,1,1,1,0,0,3,3,0,2,2,1,1,3,0,1,0,1,2,1,1,1,0,0,0,2,0,1,1,0,0,2,0,0,0,7,1,1,1,1,0,1,2,64,0,0,0,1,2,2,1,0,4,1,1,1,2,1,0,1,1,1,1,1,0,1,0,0,1,1,0,0,1,0,15,0,1,1,1,1,1,1,1,1,0,0,1,0,17,6,6,10,0,1,2,1
44,2020-04-07,0,2,0,1,2,1,1,0,2,0,0,0,1,0,3,1,0,0,1,1,2,1,2,2,3,0,2,1,2,2,2,0,1,0,2,1,1,1,1,27,1,1,1,1,1,0,3,1,2,0,1,0,1,1,0,0,0,1,1,0,1,1,72,1,0,0,3,1,1,0,0,2,10,0,2,1,3,1,1,1,2,1,2,1,2,2,0,0,0,0,0,0,1,0,0,2,0,5,1,6,1,2,0,3,2,1,0,1,1,1,1,0,0,3,3,0,2,2,1,1,3,0,1,0,1,2,1,1,1,0,0,0,2,0,1,1,0,0,2,0,0,0,7,1,1,1,1,0,1,2,64,0,0,0,1,2,2,1,0,4,1,1,1,2,1,0,1,1,1,1,1,0,1,0,0,1,1,0,0,1,0,15,0,1,1,1,1,1,1,1,1,0,0,1,0,17,6,6,10,0,1,2,1
45,2020-04-06,0,2,0,1,2,1,1,0,2,0,0,0,1,0,3,1,0,0,1,1,2,1,2,2,3,0,2,1,2,2,2,0,1,0,2,1,1,1,1,27,1,1,1,1,1,0,3,1,2,0,1,0,1,1,0,0,0,1,1,0,1,1,72,1,0,0,3,1,1,0,0,2,10,0,2,1,3,1,1,1,2,1,2,1,2,2,0,0,0,0,0,0,1,0,0,2,0,5,1,6,1,2,0,3,2,1,0,1,1,1,1,0,0,3,3,0,2,2,1,1,3,0,1,0,1,2,1,1,1,0,0,0,2,0,1,1,0,0,2,0,0,0,7,1,1,1,1,0,1,2,64,0,0,0,1,2,2,1,0,4,1,1,1,2,1,0,1,1,1,1,1,0,1,0,0,1,1,0,0,1,0,15,0,1,1,1,1,1,1,1,1,0,0,1,0,17,6,6,10,0,1,2,1
46,2020-04-05,0,2,0,1,2,1,1,0,2,0,0,0,1,0,3,1,0,0,1,1,2,1,2,2,3,0,2,1,2,2,2,0,1,0,2,1,1,1,1,27,1,1,1,1,1,0,3,1,2,0,1,0,1,1,0,0,0,1,1,0,1,1,72,1,0,0,3,1,1,0,0,2,10,0,2,1,3,1,1,1,2,1,2,1,2,2,0,0,0,0,0,0,1,0,0,2,0,5,1,6,1,2,0,3,2,1,0,1,1,1,1,0,0,3,3,0,2,2,1,1,3,0,1,0,1,2,1,1,1,0,0,0,2,0,1,1,0,0,2,0,0,0,7,1,1,1,1,0,1,2,64,0,0,0,1,2,2,1,0,4,1,1,1,2,1,0,1,1,1,1,1,0,1,0,0,1,1,0,0,1,0,15,0,1,1,1,1,1,1,1,1,0,0,1,0,17,6,6,10,0,1,2,1
47,2020-04-04,0,2,0,1,2,1,1,0,2,0,0,0,1,0,3,1,0,0,1,1,2,1,2,2,3,0,2,1,2,2,2,0,1,0,2,1,1,1,1,27,1,1,1,1,1,0,3,1,2,0,1,0,1,1,0,0,0,1,1,0,1,1,72,1,0,0,3,1,1,0,0,2,10,0,2,1,3,1,1,1,2,1,2,1,2,2,0,0,0,0,0,0,1,0,0,2,0,5,1,6,1,2,0,3,2,1,0,1,1,1,1,0,0,3,3,0,2,2,1,1,3,0,1,0,1,2,1,1,1,0,0,0,2,0,1,1,0,0,2,0,0,0,7,1,1,1,1,0,1,2,64,0,0,0,1,2,2,1,0,4,1,1,1,2,1,0,1,1,1,1,1,0,1,0,0,1,1,0,0,1,0,15,0,1,1,1,1,1,1,1,1,0,0,1,0,17,6,6,10,0,1,2,1
48,2020-04-03,0,2,0,1,2,1,1,0,2,0,0,0,1,0,3,1,0,0,1,1,2,1,2,2,3,0,2,1,2,2,2,0,1,0,2,1,1,1,1,27,1,1,1,1,1,0,3,1,2,0,1,0,1,1,0,0,0,1,1,0,1,1,72,1,0,0,3,1,1,0,0,2,10,0,2,1,3,1,1,1,2,1,2,1,2,2,0,0,0,0,0,0,1,0,0,2,0,5,1,6,1,2,0,3,2,1,0,1,1,1,1,0,0,3,3,0,2,2,1,1,3,0,1,0,1,2,1,1,1,0,0,0,2,0,1,1,0,0,2,0,0,0,7,1,1,1,1,0,1,2,64,0,0,0,1,2,2,1,0,4,1,1,1,2,1,0,1,1,1,1,1,0,1,0,0,1,1,0,0,1,0,15,0,1,1,1,1,1,1,1,1,0,0,1,0,17,6,6,10,0,1,2,1
49,2020-04-02,0,2,0,1,2,1,1,0,2,0,0,0,1,0,3,1,0,0,1,1,2,1,2,2,3,0,2,1,2,2,2,0,1,0,2,1,1,1,1,27,1,1,1,1,1,0,3,1,2,0,1,0,1,1,0,0,0,1,1,0,1,1,72,1,0,0,3,1,1,0,0,2,10,0,2,1,3,1,1,1,2,1,2,1,2,2,0,0,0,0,0,0,1,0,0,2,0,5,1,6,1,2,0,3,2,1,0,1,1,1,1,0,0,3,3,0,2,2,1,1,3,0,1,0,1,2,1,1,1,0,0,0,2,0,1,1,0,0,2,0,0,0,7,1,1,1,1,0,1,2,64,0,0,0,1,2,2,1,0,4,1,1,1,2,1,0,1,1,1,1,1,0,1,0,0,1,1,0,0,1,0,15,0,1,1,1,1,1,1,1,1,0,0,1,0,17,6,6,10,0,1,2,1
50,2020-04-01,0,2,0,1,2,1,1,0,2,0,0,0,1,0,3,1,0,0,1,1,2,1,2,2,3,0,2,1,2,2,2,0,1,0,2,1,1,1,1,27,1,1,1,1,1,0,3,1,2,0,1,0,1,1,0,0,0,1,1,0,1,1,72,1,0,0,3,1,1,0,0,2,10,0,2,1,3,1,1,1,2,1,2,1,2,2,0,0,0,0,0,0,1,0,0,2,0,5,1,6,1,2,0,3,2,1,0,1,1,1,1,0,0,3,3,0,2,2,1,1,3,0,1,0,1,2,1,1,1,0,0,0,2,0,1,1,0,0,2,0,0,0,7,1,1,1,1,0,1,2,64,0,0,0,1,2,2,1,0,4,1,1,1,2,1,0,1,1,1,1,1,0,1,0,0,1,1,0,0,1,0,15,0,1,1,1,1,1,1,1,1,0,0,1,0,17,6,6,10,0,1,2,1
51,2020-03-31,0,2,0,1,2,1,1,0,2,0,0,0,1,0,3,1,0,0,1,1,2,1,2,2,3,0,2,1,2,2,2,0,1,0,2,1,1,1,1,27,1,1,1,1,1,0,3,1,2,0,1,0,1,1,0,0,0,1,1,0,1,1,72,1,0,0,3,1,1,0,0,2,10,0,2,1,3,1,1,1,2,1,2,1,2,2,0,0,0,0,0,0,1,0,0,2,0,5,1,6,1,2,0,3,2,1,0,1,1,1,1,0,0,3,3,0,2,2,1,1,3,0,1,0,1,2,1,1,1,0,0,0,2,0,1,1,0,0,2,0,0,0,7,1,1,1,1,0,1,2,64,0,0,0,1,2,2,1,0,4,1,1,1,2,1,0,1,1,1,1,1,0,1,0,0,1,1,0,0,1,0,15,0,1,1,1,1,1,1,1,1,0,0,1,0,17,6,6,10,0,1,2,1
52,2020-03-30,0,2,0,1,2,1,1,0,2,0,0,0,1,0,3,1,0,0,1,1,2,1,2,2,3,0,2,1,2,2,2,0,1,0,2,1,1,1,1,27,1,1,1,1,1,0,3,1,2,0,1,0,1,1,0,0,0,1,1,0,1,1,72,1,0,0,3,1,1,0,0,2,10,0,2,1,3,1,1,1,2,1,2,1,2,2,0,0,0,0,0,0,1,0,0,2,0,5,1,6,1,2,0,3,2,1,0,1,1,1,1,0,0,3,3,0,2,2,1,1,3,0,1,0,1,2,1,1,1,0,0,0,2,0,1,1,0,0,2,0,0,0,7,1,1,1,1,0,1,2,64,0,0,0,1,2,2,1,0,4,1,1,1,2,1,0,1,1,1,1,1,0,1,0,0,1,1,0,0,1,0,15,0,1,1,1,1,1,1,1,1,0,0,1,0,17,6,6,10,0,1,2,1
53,2020-03-29,0,2,0,1,2,1,1,0,2,0,0,0,1,0,3,1,0,0,1,1,2,1,2,2,3,0,2,1,2,2,2,0,1,0,2,1,1,1,1,27,1,1,1,1,1,0,3,1,2,0,1,0,1,1,0,0,0,1,1,0,1,1,72,1,0,0,3,1,1,0,0,2,10,0,2,1,3,1,1,1,2,1,2,1,2,2,0,0,0,0,0,0,1,0,0,2,0,5,1,6,1,2,0,3,2,1,0,1,1,1,1,0,0,3,3,0,2,2,1,1,3,0,1,0,1,2,1,1,1,0,0,0,2,0,1,1,0,0,2,0,0,0,7,1,1,1,1,0,1,2,64,0,0,0,1,2,2,1,0,4,1,1,1,2,1,0,1,1,1,1,1,0,1,0,0,1,1,0,0,1,0,15,0,1,1,1,1,1,1,1,1,0,0,1,0,17,6,6,10,0,1,2,1
54,2020-03-28,0,2,0,1,2,1,1,0,2,0,0,0,1,0,3,1,0,0,1,1,2,1,2,2,3,0,2,1,2,2,2,0,1,0,2,1,1,1,1,27,1,1,1,1,1,0,3,1,2,0,1,0,1,1,0,0,0,1,1,0,1,1,72,1,0,0,3,1,1,0,0,2,10,0,2,1,3,1,1,1,2,1,2,1,2,2,0,0,0,0,0,0,1,0,0,2,0,5,1,6,1,2,0,3,2,1,0,1,1,1,1,0,0,3,3,0,2,2,1,1,3,0,1,0,1,2,1,1,1,0,0,0,2,0,1,1,0,0,2,0,0,0,7,1,1,1,1,0,1,2,64,0,0,0,1,2,2,1,0,4,1,1,1,2,1,0,1,1,1,1,1,0,1,0,0,1,1,0,0,1,0,15,0,1,1,1,1,1,1,1,1,0,0,1,0,17,6,6,10,0,1,2,1
55,2020-03-27,0,2,0,1,2,1,1,0,2,0,0,0,1,0,3,1,0,0,1,1,2,1,2,2,3,0,2,1,2,2,2,0,1,0,2,1,1,1,1,27,1,1,1,1,1,0,3,1,2,0,1,0,1,1,0,0,0,1,1,0,1,1,72,1,0,0,3,1,1,0,0,2,10,0,2,1,3,1,1,1,2,1,2,1,2,2,0,0,0,0,0,0,1,0,0,2,0,5,1,6,1,2,0,3,2,1,0,1,1,1,1,0,0,3,3,0,2,2,1,1,3,0,1,0,1,2,1,1,1,0,0,0,2,0,1,1,0,0,2,0,0,0,7,1,1,1,1,0,1,2,64,0,0,0,1,2,2,1,0,4,1,1,1,2,1,0,1,1,1,1,1,0,1,0,0,1,1,0,0,1,0,15,0,1,1,1,1,1,1,1,1,0,0,1,0,17,6,6,10,0,1,2,1
56,2020-03-26,0,2,0,1,2,1,1,0,2,0,0,0,1,0,3,1,0,0,1,1,2,1,2,2,3,0,2,1,2,2,2,0,1,0,2,1,1,1,1,27,1,1,1,1,1,0,3,1,2,0,1,0,1,1,0,0,0,1,1,0,1,1,72,1,0,0,3,1,1,0,0,2,10,0,2,1,3,1,1,1,2,1,2,1,2,2,0,0,0,0,0,0,1,0,0,2,0,5,1,6,1,2,0,3,2,1,0,1,1,1,1,0,0,3,3,0,2,2,1,1,3,0,1,0,1,2,1,1,1,0,0,0,2,0,1,1,0,0,2,0,0,0,7,1,1,1,1,0,1,2,64,0,0,0,1,2,2,1,0,4,1,1,1,2,1,0,1,1,1,1,1,0,1,0,0,1,1,0,0,1,0,15,0,1,1,1,1,1,1,1,1,0,0,1,0,17,6,6,10,0,1,2,1
57,2020-03-25,0,2,0,1,2,1,1,0,2,0,0,0,1,0,3,1,0,0,1,1,2,1,2,2,3,0,2,1,2,2,2,0,1,0,2,1,1,1,1,27,1,1,1,1,1,0,3,1,2,0,1,0,1,1,0,0,0,1,1,0,1,1,72,1,0,0,3,1,1,0,0,2,10,0,2,1,3,1,1,1,2,1,2,1,2,2,0,0,0,0,0,0,1,0,0,2,0,5,1,6,1,2,0,3,2,1,0,1,1,1,1,0,0,3,3,0,2,2,1,1,3,0,1,0,1,2,1,1,1,0,0,0,2,0,1,1,0,0,2,0,0,0,7,1,1,1,1,0,1,2,64,0,0,0,1,2,2,1,0,4,1,1,1,2,1,0,1,1,1,1,1,0,1,0,0,1,1,0,0,1,0,15,0,1,1,1,1,1,1,1,1,0,0,1,0,17,6,6,10,0,1,2,1
58,2020-03-24,0,2,0,1,2,1,1,0,2,0,0,0,1,0,3,1,0,0,1,1,2,1,2,2,3,0,2,1,2,2,2,0,1,0,2,1,1,1,1,27,1,1,1,1,1,0,3,1,2,0,1,0,1,1,0,0,0,1,1,0,1,1,72,1,0,0,3,1,1,0,0,2,10,0,2,1,3,1,1,1,2,1,2,1,2,2,0,0,0,0,0,0,1,0,0,2,0,5,1,6,1,2,0,3,2,1,0,1,1,1,1,0,0,3,3,0,2,2,1,1,3,0,1,0,1,2,1,1,1,0,0,0,2,0,1,1,0,0,2,0,0,0,7,1,1,1,1,0,1,2,64,0,0,0,1,2,2,1,0,4,1,1,1,2,1,0,1,1,1,1,1,0,1,0,0,1,1,0,0,1,0,15,0,1,1,1,1,1,1,1,1,0,0,1,0,17,6,6,10,0,1,2,1
59,2020-03-23,0,2,0,1,2,1,1,0,2,0,0,0,1,0,3,1,0,0,1,1,2,1,2,2,3,0,2,1,2,2,2,0,1,0,2,1,1,1,1,27,1,1,1,1,1,0,3,1,2,0,1,0,1,1,0,0,0,1,1,0,1,1,72,1,0,0,3,1,1,0,0,2,10,0,2,1,3,1,1,1,2,1,2,1,2,2,0,0,0,0,0,0,1,0,0,2,0,5,1,6,1,2,0,3,2,1,0,1,1,1,1,0,0,3,3,0,2,2,1,1,3,0,1,0,1,2,1,1,1,0,0,0,2,0,1,1,0,0,2,0,0,0,7,1,1,1,1,0,1,2,64,0,0,0,1,2,2,1,0,4,1,1,1,2,1,0,1,1,1,1,1,0,1,0,0,1,1,0,0,1,0,15,0,1,1,1,1,1,1,1,1,0,0,1,0,17,6,6,10,0,1,2,1
60,2020-03-22,0,2,0,1,2,1,1,0,2,0,0,0,1,0,3,1,0,0,1,1,2,1,2,2,3,0,2,1,2,2,2,0,1,0,2,1,1,1,1,27,1,1,1,1,1,0,3,1,2,0,1,0,1,1,0,0,0,1,1,0,1,1,72,1,0,0,3,1,1,0,0,2,10,0,2,1,3,1,1,1,2,1,2,1,2,2,0,0,0,0,0,0,1,0,0,2,0,5,1,6,1,2,0,3,2,1,0,1,1,1,1,0,0,3,3,0,2,2,1,1,3,0,1,0,1,2,1,1,1,0,0,0,2,0,1,1,0,0,2,0,0,0,7,1,1,1,1,0,1,2,64,0,0,0,1,2,2,1,0,4,1,1,1,2,1,0,1,1,1,1,1,0,1,0,0,1,1,0,0,1,0,15,0,1,1,1,1,1,1,1,1,0,0,1,0,17,6,6,10,0,1,2,1
61,2020-03-21,0,2,0,1,2,1,1,0,2,0,0,0,1,0,3,1,0,0,1,1,2,1,2,2,3,0,2,1,2,2,2,0,1,0,2,1,1,1,1,27,1,1,1,1,1,0,3,1,2,0,1,0,1,1,0,0,0,1,1,0,1,1,72,1,0,0,3,1,1,0,0,2,10,0,2,1,3,1,1,1,2,1,2,1,2,2,0,0,0,0,0,0,1,0,0,2,0,5,1,6,1,2,0,3,2,1,0,1,1,1,1,0,0,3,3,0,2,2,1,1,3,0,1,0,1,2,1,1,1,0,0,0,2,0,1,1,0,0,2,0,0,0,7,1,1,1,1,0,1,2,64,0,0,0,1,2,2,1,0,4,1,1,1,2,1,0,1,1,1,1,1,0,1,0,0,1,1,0,0,1,0,15,0,1,1,1,1,1,1,1,1,0,0,1,0,17,6,6,10,0,1,2,1
62,2020-03-20,0,2,0,1,2,1,1,0,2,0,0,0,1,0,3,1,0,0,1,1,2,1,2,2,3,0,2,1,2,2,2,0,1,0,2,1,1,1,1,27,1,1,1,1,1,0,3,1,2,0,1,0,1,1,0,0,0,1,1,0,1,1,72,1,0,0,3,1,1,0,0,2,10,0,2,1,3,1,1,1,2,1,2,1,2,2,0,0,0,0,0,0,1,0,0,2,0,5,1,6,1,2,0,3,2,1,0,1,1,1,1,0,0,3,3,0,2,2,1,1,3,0,1,0,1,2,1,1,1,0,0,0,2,0,1,1,0,0,2,0,0,0,7,1,1,1,1,0,1,2,64,0,0,0,1,2,2,1,0,4,1,1,1,2,1,0,1,1,1,1,1,0,1,0,0,1,1,0,0,1,0,15,0,1,1,1,1,1,1,1,1,0,0,1,0,17,6,6,10,0,1,2,1
63,2020-03-19,0,2,0,1,2,1,1,0,2,0,0,0,1,0,3,1,0,0,1,1,2,1,2,2,3,0,2,1,2,2,2,0,1,0,2,1,1,1,1,27,1,1,1,1,1,0,3,1,2,0,1,0,1,1,0,0,0,1,1,0,1,1,72,1,0,0,3,1,1,0,0,2,10,0,2,1,3,1,1,1,2,1,2,1,2,2,0,0,0,0,0,0,1,0,0,2,0,5,1,6,1,2,0,3,2,1,0,1,1,1,1,0,0,3,3,0,2,2,1,1,3,0,1,0,1,2,1,1,1,0,0,0,2,0,1,1,0,0,2,0,0,0,7,1,1,1,1,0,1,2,64,0,0,0,1,2,2,1,0,4,1,1,1,2,1,0,1,1,1,1,1,0,1,0,0,1,1,0,0,1,0,15,0,1,1,1,1,1,1,1,1,0,0,1,0,17,6,6,10,0,1,2,1
64,2020-03-18,0,2,0,1,2,1,1,0,2,0,0,0,1,0,3,1,0,0,1,1,2,1,2,2,3,0,2,1,2,2,2,0,1,0,2,1,1,1,1,27,1,1,1,1,1,0,3,1,2,0,1,0,1,1,0,0,0,1,1,0,1,1,72,1,0,0,3,1,1,0,0,2,10,0,2,1,3,1,1,1,2,1,2,1,2,2,0,0,0,0,0,0,1,0,0,2,0,5,1,6,1,2,0,3,2,1,0,1,1,1,1,0,0,3,3,0,2,2,1,1,3,0,1,0,1,2,1,1,1,0,0,0,2,0,1,1,0,0,2,0,0,0,7,1,1,1,1,0,1,2,64,0,0,0,1,2,2,1,0,4,1,1,1,2,1,0,1,1,1,1,1,0,1,0,0,1,1,0,0,1,0,15,0,1,1,1,1,1,1,1,1,0,0,1,0,17,6,6,10,0,1,2,1
65,2020-03-17,0,2,0,1,2,1,1,0,2,0,0,0,1,0,3,1,0,0,1,1,2,1,2,2,3,0,2,1,2,2,2,0,1,0,2,1,1,1,1,27,1,1,1,1,1,0,3,1,2,0,1,0,1,1,0,0,0,1,1,0,1,1,72,1,0,0,3,1,1,0,0,2,10,0,2,1,3,1,1,1,2,1,2,1,2,2,0,0,0,0,0,0,1,0,0,2,0,5,1,6,1,2,0,3,2,1,0,1,1,1,1,0,0,3,3,0,2,2,1,1,3,0,1,0,1,2,1,1,1,0,0,0,2,0,1,1,0,0,2,0,0,0,7,1,1,1,1,0,1,2,64,0,0,0,1,2,2,1,0,4,1,1,1,2,1,0,1,1,1,1,1,0,1,0,0,1,1,0,0,1,0,15,0,1,1,1,1,1,1,1,1,0,0,1,0,17,6,6,10,0,1,2,1
66,2020-03-16,0,2,0,1,2,1,1,0,2,0,0,0,1,0,3,1,0,0,1,1,2,1,2,2,3,0,2,1,2,2,2,0,1,0,2,1,1,1,1,27,1,1,1,1,1,0,3,1,2,0,1,0,1,1,0,0,0,1,1,0,1,1,72,1,0,0,3,1,1,0,0,2,10,0,2,1,3,1,1,1,2,1,2,1,2,2,0,0,0,0,0,0,1,0,0,2,0,5,1,6,1,2,0,3,2,1,0,1,1,1,1,0,0,3,3,0,2,2,1,1,3,0,1,0,1,2,1,1,1,0,0,0,2,0,1,1,0,0,2,0,0,0,7,1,1,1,1,0,1,2,64,0,0,0,1,2,2,1,0,4,1,1,1,2,1,0,1,1,1,1,1,0,1,0,0,1,1,0,0,1,0,15,0,1,1,1,1,1,1,1,1,0,0,1,0,17,6,6,10,0,1,2,1
67,2020-03-15,0,2,0,1,2,1,1,0,2,0,0,0,1,0,3,1,0,0,1,1,2,1,2,2,3,0,2,1,2,2,2,0,1,0,2,1,1,1,1,27,1,1,1,1,1,0,3,1,2,0,1,0,1,1,0,0,0,1,1,0,1,1,72,1,0,0,3,1,1,0,0,2,10,0,2,1,3,1,1,1,2,1,2,1,2,2,0,0,0,0,0,0,1,0,0,2,0,5,1,6,1,2,0,3,2,1,0,1,1,1,1,0,0,3,3,0,2,2,1,1,3,0,1,0,1,2,1,1,1,0,0,0,2,0,1,1,0,0,2,0,0,0,7,1,1,1,1,0,1,2,64,0,0,0,1,2,2,1,0,4,1,1,1,2,1,0,1,1,1,1,1,0,1,0,0,1,1,0,0,1,0,15,0,1,1,1,1,1,1,1,1,0,0,1,0,17,6,6,10,0,1,2,1
68,2020-03-11,0,2,0,1,2,1,1,0,2,0,0,0,1,0,3,1,0,0,1,1,2,1,2,2,3,0,2,1,2,2,2,0,1,0,2,1,1,1,1,27,1,1,1,1,1,0,3,1,2,0,1,0,1,1,0,0,0,1,1,0,1,1,72,1,0,0,3,1,1,0,0,2,10,0,2,1,3,1,1,1,2,1,2,1,2,2,0,0,0,0,0,0,1,0,0,2,0,5,1,6,1,2,0,3,2,1,0,1,1,1,1,0,0,3,3,0,2,2,1,1,3,0,1,0,1,2,1,1,1,0,0,0,2,0,1,1,0,0,2,0,0,0,7,1,1,1,1,0,1,2,64,0,0,0,1,2,2,1,0,4,1,1,1,2,1,0,1,1,1,1,1,0,1,0,0,1,1,0,0,1,0,15,0,1,1,1,1,1,1,1,1,0,0,1,0,17,6,6,10,0,1,2,1
69,2020-03-08,0,2,0,1,2,1,1,0,2,0,0,0,1,0,3,1,0,0,1,1,2,1,2,2,3,0,2,1,2,2,2,0,1,0,2,1,1,1,1,27,1,1,1,1,1,0,3,1,2,0,1,0,1,1,0,0,0,1,1,0,1,1,72,1,0,0,3,1,1,0,0,2,10,0,2,1,3,1,1,1,2,1,2,1,2,2,0,0,0,0,0,0,1,0,0,2,0,5,1,6,1,2,0,3,2,1,0,1,1,1,1,0,0,3,3,0,2,2,1,1,3,0,1,0,1,2,1,1,1,0,0,0,2,0,1,1,0,0,2,0,0,0,7,1,1,1,1,0,1,2,64,0,0,0,1,2,2,1,0,4,1,1,1,2,1,0,1,1,1,1,1,0,1,0,0,1,1,0,0,1,0,15,0,1,1,1,1,1,1,1,1,0,0,1,0,17,6,6,10,0,1,2,1
70,2020-03-02,0,2,0,1,2,1,1,0,2,0,0,0,1,0,3,1,0,0,1,1,2,1,2,2,3,0,2,1,2,2,2,0,1,0,2,1,1,1,1,27,1,1,1,1,1,0,3,1,2,0,1,0,1,1,0,0,0,1,1,0,1,1,72,1,0,0,3,1,1,0,0,2,10,0,2,1,3,1,1,1,2,1,2,1,2,2,0,0,0,0,0,0,1,0,0,2,0,5,1,6,1,2,0,3,2,1,0,1,1,1,1,0,0,3,3,0,2,2,1,1,3,0,1,0,1,2,1,1,1,0,0,0,2,0,1,1,0,0,2,0,0,0,7,1,1,1,1,0,1,2,64,0,0,0,1,2,2,1,0,4,1,1,1,2,1,0,1,1,1,1,1,0,1,0,0,1,1,0,0,1,0,15,0,1,1,1,1,1,1,1,1,0,0,1,0,17,6,6,10,0,1,2,1
71,2020-03-01,0,2,0,1,2,1,1,0,2,0,0,0,1,0,3,1,0,0,1,1,2,1,2,2,3,0,2,1,2,2,2,0,1,0,2,1,1,1,1,27,1,1,1,1,1,0,3,1,2,0,1,0,1,1,0,0,0,1,1,0,1,1,72,1,0,0,3,1,1,0,0,2,10,0,2,1,3,1,1,1,2,1,2,1,2,2,0,0,0,0,0,0,1,0,0,2,0,5,1,6,1,2,0,3,2,1,0,1,1,1,1,0,0,3,3,0,2,2,1,1,3,0,1,0,1,2,1,1,1,0,0,0,2,0,1,1,0,0,2,0,0,0,7,1,1,1,1,0,1,2,64,0,0,0,1,2,2,1,0,4,1,1,1,2,1,0,1,1,1,1,1,0,1,0,0,1,1,0,0,1,0,15,0,1,1,1,1,1,1,1,1,0,0,1,0,17,6,6,10,0,1,2,1
72,2020-02-29,0,2,0,1,2,1,1,0,2,0,0,0,1,0,3,1,0,0,1,1,2,1,2,2,3,0,2,1,2,2,2,0,1,0,2,1,1,1,1,27,1,1,1,1,1,0,3,1,2,0,1,0,1,1,0,0,0,1,1,0,1,1,72,1,0,0,3,1,1,0,0,2,10,0,2,1,3,1,1,1,2,1,2,1,2,2,0,0,0,0,0,0,1,0,0,2,0,5,1,6,1,2,0,3,2,1,0,1,1,1,1,0,0,3,3,0,2,2,1,1,3,0,1,0,1,2,1,1,1,0,0,0,2,0,1,1,0,0,2,0,0,0,7,1,1,1,1,0,1,2,64,0,0,0,1,2,2,1,0,4,1,1,1,2,1,0,1,1,1,1,1,0,1,0,0,1,1,0,0,1,0,15,0,1,1,1,1,1,1,1,1,0,0,1,0,17,6,6,10,0,1,2,1
73,2020-02-28,0,2,0,1,2,1,1,0,2,0,0,0,1,0,3,1,0,0,1,1,2,1,2,2,3,0,2,1,2,2,2,0,1,0,2,1,1,1,1,27,1,1,1,1,1,0,3,1,2,0,1,0,1,1,0,0,0,1,1,0,1,1,72,1,0,0,3,1,1,0,0,2,10,0,2,1,3,1,1,1,2,1,2,1,2,2,0,0,0,0,0,0,1,0,0,2,0,5,1,6,1,2,0,3,2,1,0,1,1,1,1,0,0,3,3,0,2,2,1,1,3,0,1,0,1,2,1,1,1,0,0,0,2,0,1,1,0,0,2,0,0,0,7,1,1,1,1,0,1,2,64,0,0,0,1,2,2,1,0,4,1,1,1,2,1,0,1,1,1,1,1,0,1,0,0,1,1,0,0,1,0,15,0,1,1,1,1,1,1,1,1,0,0,1,0,17,6,6,10,0,1,2,1
74,2020-02-27,0,2,0,1,2,1,1,0,2,0,0,0,1,0,3,1,0,0,1,1,2,1,2,2,3,0,2,1,2,2,2,0,1,0,2,1,1,1,1,27,1,1,1,1,1,0,3,1,2,0,1,0,1,1,0,0,0,1,1,0,1,1,72,1,0,0,3,1,1,0,0,2,10,0,2,1,3,1,1,1,2,1,2,1,2,2,0,0,0,0,0,0,1,0,0,2,0,5,1,6,1,2,0,3,2,1,0,1,1,1,1,0,0,3,3,0,2,2,1,1,3,0,1,0,1,2,1,1,1,0,0,0,2,0,1,1,0,0,2,0,0,0,7,1,1,1,1,0,1,2,64,0,0,0,1,2,2,1,0,4,1,1,1,2,1,0,1,1,1,1,1,0,1,0,0,1,1,0,0,1,0,15,0,1,1,1,1,1,1,1,1,0,0,1,0,17,6,6,10,0,1,2,1
75,2020-02-26,0,2,0,1,2,1,1,0,2,0,0,0,1,0,3,1,0,0,1,1,2,1,2,2,3,0,2,1,2,2,2,0,1,0,2,1,1,1,1,27,1,1,1,1,1,0,3,1,2,0,1,0,1,1,0,0,0,1,1,0,1,1,72,1,0,0,3,1,1,0,0,2,10,0,2,1,3,1,1,1,2,1,2,1,2,2,0,0,0,0,0,0,1,0,0,2,0,5,1,6,1,2,0,3,2,1,0,1,1,1,1,0,0,3,3,0,2,2,1,1,3,0,1,0,1,2,1,1,1,0,0,0,2,0,1,1,0,0,2,0,0,0,7,1,1,1,1,0,1,2,64,0,0,0,1,2,2,1,0,4,1,1,1,2,1,0,1,1,1,1,1,0,1,0,0,1,1,0,0,1,0,15,0,1,1,1,1,1,1,1,1,0,0,1,0,17,6,6,10,0,1,2,1
76,2020-02-25,0,2,0,1,2,1,1,0,2,0,0,0,1,0,3,1,0,0,1,1,2,1,2,2,3,0,2,1,2,2,2,0,1,0,2,1,1,1,1,27,1,1,1,1,1,0,3,1,2,0,1,0,1,1,0,0,0,1,1,0,1,1,72,1,0,0,3,1,1,0,0,2,10,0,2,1,3,1,1,1,2,1,2,1,2,2,0,0,0,0,0,0,1,0,0,2,0,5,1,6,1,2,0,3,2,1,0,1,1,1,1,0,0,3,3,0,2,2,1,1,3,0,1,0,1,2,1,1,1,0,0,0,2,0,1,1,0,0,2,0,0,0,7,1,1,1,1,0,1,2,64,0,0,0,1,2,2,1,0,4,1,1,1,2,1,0,1,1,1,1,1,0,1,0,0,1,1,0,0,1,0,15,0,1,1,1,1,1,1,1,1,0,0,1,0,17,6,6,10,0,1,2,1
77,2020-02-24,0,2,0,1,2,1,1,0,2,0,0,0,1,0,3,1,0,0,1,1,2,1,2,2,3,0,2,1,2,2,2,0,1,0,2,1,1,1,1,27,1,1,1,1,1,0,3,1,2,0,1,0,1,1,0,0,0,1,1,0,1,1,72,1,0,0,3,1,1,0,0,2,10,0,2,1,3,1,1,1,2,1,2,1,2,2,0,0,0,0,0,0,1,0,0,2,0,5,1,6,1,2,0,3,2,1,0,1,1,1,1,0,0,3,3,0,2,2,1,1,3,0,1,0,1,2,1,1,1,0,0,0,2,0,1,1,0,0,2,0,0,0,7,1,1,1,1,0,1,2,64,0,0,0,1,2,2,1,0,4,1,1,1,2,1,0,1,1,1,1,1,0,1,0,0,1,1,0,0,1,0,15,0,1,1,1,1,1,1,1,1,0,0,1,0,17,6,6,10,0,1,2,1
78,2020-02-23,0,2,0,1,2,1,1,0,2,0,0,0,1,0,3,1,0,0,1,1,2,1,2,2,3,0,2,1,2,2,2,0,1,0,2,1,1,1,1,27,1,1,1,1,1,0,3,1,2,0,1,0,1,1,0,0,0,1,1,0,1,1,72,1,0,0,3,1,1,0,0,2,10,0,2,1,3,1,1,1,2,1,2,1,2,2,0,0,0,0,0,0,1,0,0,2,0,5,1,6,1,2,0,3,2,1,0,1,1,1,1,0,0,3,3,0,2,2,1,1,3,0,1,0,1,2,1,1,1,0,0,0,2,0,1,1,0,0,2,0,0,0,7,1,1,1,1,0,1,2,64,0,0,0,1,2,2,1,0,4,1,1,1,2,1,0,1,1,1,1,1,0,1,0,0,1,1,0,0,1,0,15,0,1,1,1,1,1,1,1,1,0,0,1,0,17,6,6,10,0,1,2,1
79,2020-02-22,0,2,0,1,2,1,1,0,2,0,0,0,1,0,3,1,0,0,1,1,2,1,2,2,3,0,2,1,2,2,2,0,1,0,2,1,1,1,1,27,1,1,1,1,1,0,3,1,2,0,1,0,1,1,0,0,0,1,1,0,1,1,72,1,0,0,3,1,1,0,0,2,10,0,2,1,3,1,1,1,2,1,2,1,2,2,0,0,0,0,0,0,1,0,0,2,0,5,1,6,1,2,0,3,2,1,0,1,1,1,1,0,0,3,3,0,2,2,1,1,3,0,1,0,1,2,1,1,1,0,0,0,2,0,1,1,0,0,2,0,0,0,7,1,1,1,1,0,1,2,64,0,0,0,1,2,2,1,0,4,1,1,1,2,1,0,1,1,1,1,1,0,1,0,0,1,1,0,0,1,0,15,0,1,1,1,1,1,1,1,1,0,0,1,0,17,6,6,10,0,1,2,1
80,2020-02-21,0,2,0,1,2,1,1,0,2,0,0,0,1,0,3,1,0,0,1,1,2,1,2,2,3,0,2,1,2,2,2,0,1,0,2,1,1,1,1,27,1,1,1,1,1,0,3,1,2,0,1,0,1,1,0,0,0,1,1,0,1,1,72,1,0,0,3,1,1,0,0,2,10,0,2,1,3,1,1,1,2,1,2,1,2,2,0,0,0,0,0,0,1,0,0,2,0,5,1,6,1,2,0,3,2,1,0,1,1,1,1,0,0,3,3,0,2,2,1,1,3,0,1,0,1,2,1,1,1,0,0,0,2,0,1,1,0,0,2,0,0,0,7,1,1,1,1,0,1,2,64,0,0,0,1,2,2,1,0,4,1,1,1,2,1,0,1,1,1,1,1,0,1,0,0,1,1,0,0,1,0,15,0,1,1,1,1,1,1,1,1,0,0,1,0,17,6,6,10,0,1,2,1
81,2020-02-20,0,2,0,1,2,1,1,0,2,0,0,0,1,0,3,1,0,0,1,1,2,1,2,2,3,0,2,1,2,2,2,0,1,0,2,1,1,1,1,27,1,1,1,1,1,0,3,1,2,0,1,0,1,1,0,0,0,1,1,0,1,1,72,1,0,0,3,1,1,0,0,2,10,0,2,1,3,1,1,1,2,1,2,1,2,2,0,0,0,0,0,0,1,0,0,2,0,5,1,6,1,2,0,3,2,1,0,1,1,1,1,0,0,3,3,0,2,2,1,1,3,0,1,0,1,2,1,1,1,0,0,0,2,0,1,1,0,0,2,0,0,0,7,1,1,1,1,0,1,2,64,0,0,0,1,2,2,1,0,4,1,1,1,2,1,0,1,1,1,1,1,0,1,0,0,1,1,0,0,1,0,15,0,1,1,1,1,1,1,1,1,0,0,1,0,17,6,6,10,0,1,2,1
82,2020-02-19,0,2,0,1,2,1,1,0,2,0,0,0,1,0,3,1,0,0,1,1,2,1,2,2,3,0,2,1,2,2,2,0,1,0,2,1,1,1,1,27,1,1,1,1,1,0,3,1,2,0,1,0,1,1,0,0,0,1,1,0,1,1,72,1,0,0,3,1,1,0,0,2,10,0,2,1,3,1,1,1,2,1,2,1,2,2,0,0,0,0,0,0,1,0,0,2,0,5,1,6,1,2,0,3,2,1,0,1,1,1,1,0,0,3,3,0,2,2,1,1,3,0,1,0,1,2,1,1,1,0,0,0,2,0,1,1,0,0,2,0,0,0,7,1,1,1,1,0,1,2,64,0,0,0,1,2,2,1,0,4,1,1,1,2,1,0,1,1,1,1,1,0,1,0,0,1,1,0,0,1,0,15,0,1,1,1,1,1,1,1,1,0,0,1,0,17,6,6,10,0,1,2,1
83,2020-02-18,0,2,0,1,2,1,1,0,2,0,0,0,1,0,3,1,0,0,1,1,2,1,2,2,3,0,2,1,2,2,2,0,1,0,2,1,1,1,1,27,1,1,1,1,1,0,3,1,2,0,1,0,1,1,0,0,0,1,1,0,1,1,72,1,0,0,3,1,1,0,0,2,10,0,2,1,3,1,1,1,2,1,2,1,2,2,0,0,0,0,0,0,1,0,0,2,0,5,1,6,1,2,0,3,2,1,0,1,1,1,1,0,0,3,3,0,2,2,1,1,3,0,1,0,1,2,1,1,1,0,0,0,2,0,1,1,0,0,2,0,0,0,7,1,1,1,1,0,1,2,64,0,0,0,1,2,2,1,0,4,1,1,1,2,1,0,1,1,1,1,1,0,1,0,0,1,1,0,0,1,0,15,0,1,1,1,1,1,1,1,1,0,0,1,0,17,6,6,10,0,1,2,1
84,2020-02-17,0,2,0,1,2,1,1,0,2,0,0,0,1,0,3,1,0,0,1,1,2,1,2,2,3,0,2,1,2,2,2,0,1,0,2,1,1,1,1,27,1,1,1,1,1,0,3,1,2,0,1,0,1,1,0,0,0,1,1,0,1,1,72,1,0,0,3,1,1,0,0,2,10,0,2,1,3,1,1,1,2,1,2,1,2,2,0,0,0,0,0,0,1,0,0,2,0,5,1,6,1,2,0,3,2,1,0,1,1,1,1,0,0,3,3,0,2,2,1,1,3,0,1,0,1,2,1,1,1,0,0,0,2,0,1,1,0,0,2,0,0,0,7,1,1,1,1,0,1,2,64,0,0,0,1,2,2,1,0,4,1,1,1,2,1,0,1,1,1,1,1,0,1,0,0,1,1,0,0,1,0,15,0,1,1,1,1,1,1,1,1,0,0,1,0,17,6,6,10,0,1,2,1
85,2020-02-16,0,2,0,1,2,1,1,0,2,0,0,0,1,0,3,1,0,0,1,1,2,1,2,2,3,0,2,1,2,2,2,0,1,0,2,1,1,1,1,27,1,1,1,1,1,0,3,1,2,0,1,0,1,1,0,0,0,1,1,0,1,1,72,1,0,0,3,1,1,0,0,2,10,0,2,1,3,1,1,1,2,1,2,1,2,2,0,0,0,0,0,0,1,0,0,2,0,5,1,6,1,2,0,3,2,1,0,1,1,1,1,0,0,3,3,0,2,2,1,1,3,0,1,0,1,2,1,1,1,0,0,0,2,0,1,1,0,0,2,0,0,0,7,1,1,1,1,0,1,2,64,0,0,0,1,2,2,1,0,4,1,1,1,2,1,0,1,1,1,1,1,0,1,0,0,1,1,0,0,1,0,15,0,1,1,1,1,1,1,1,1,0,0,1,0,17,6,6,10,0,1,2,1
86,2020-02-15,0,2,0,1,2,1,1,0,2,0,0,0,1,0,3,1,0,0,1,1,2,1,2,2,3,0,2,1,2,2,2,0,1,0,2,1,1,1,1,27,1,1,1,1,1,0,3,1,2,0,1,0,1,1,0,0,0,1,1,0,1,1,72,1,0,0,3,1,1,0,0,2,10,0,2,1,3,1,1,1,2,1,2,1,2,2,0,0,0,0,0,0,1,0,0,2,0,5,1,6,1,2,0,3,2,1,0,1,1,1,1,0,0,3,3,0,2,2,1,1,3,0,1,0,1,2,1,1,1,0,0,0,2,0,1,1,0,0,2,0,0,0,7,1,1,1,1,0,1,2,64,0,0,0,1,2,2,1,0,4,1,1,1,2,1,0,1,1,1,1,1,0,1,0,0,1,1,0,0,1,0,15,0,1,1,1,1,1,1,1,1,0,0,1,0,17,6,6,10,0,1,2,1
87,2020-02-14,0,2,0,1,2,1,1,0,2,0,0,0,1,0,3,1,0,0,1,1,2,1,2,2,3,0,2,1,2,2,2,0,1,0,2,1,1,1,1,27,1,1,1,1,1,0,3,1,2,0,1,0,1,1,0,0,0,1,1,0,1,1,72,1,0,0,3,1,1,0,0,2,10,0,2,1,3,1,1,1,2,1,2,1,2,2,0,0,0,0,0,0,1,0,0,2,0,5,1,6,1,2,0,3,2,1,0,1,1,1,1,0,0,3,3,0,2,2,1,1,3,0,1,0,1,2,1,1,1,0,0,0,2,0,1,1,0,0,2,0,0,0,7,1,1,1,1,0,1,2,64,0,0,0,1,2,2,1,0,4,1,1,1,2,1,0,1,1,1,1,1,0,1,0,0,1,1,0,0,1,0,15,0,1,1,1,1,1,1,1,1,0,0,1,0,17,6,6,10,0,1,2,1
88,2020-02-13,0,2,0,1,2,1,1,0,2,0,0,0,1,0,3,1,0,0,1,1,2,1,2,2,3,0,2,1,2,2,2,0,1,0,2,1,1,1,1,27,1,1,1,1,1,0,3,1,2,0,1,0,1,1,0,0,0,1,1,0,1,1,72,1,0,0,3,1,1,0,0,2,10,0,2,1,3,1,1,1,2,1,2,1,2,2,0,0,0,0,0,0,1,0,0,2,0,5,1,6,1,2,0,3,2,1,0,1,1,1,1,0,0,3,3,0,2,2,1,1,3,0,1,0,1,2,1,1,1,0,0,0,2,0,1,1,0,0,2,0,0,0,7,1,1,1,1,0,1,2,64,0,0,0,1,2,2,1,0,4,1,1,1,2,1,0,1,1,1,1,1,0,1,0,0,1,1,0,0,1,0,15,0,1,1,1,1,1,1,1,1,0,0,1,0,17,6,6,10,0,1,2,1
89,2020-02-12,0,2,0,1,2,1,1,0,2,0,0,0,1,0,3,1,0,0,1,1,2,1,2,2,3,0,2,1,2,2,2,0,1,0,2,1,1,1,1,27,1,1,1,1,1,0,3,1,2,0,1,0,1,1,0,0,0,1,1,0,1,1,72,1,0,0,3,1,1,0,0,2,10,0,2,1,3,1,1,1,2,1,2,1,2,2,0,0,0,0,0,0,1,0,0,2,0,5,1,6,1,2,0,3,2,1,0,1,1,1,1,0,0,3,3,0,2,2,1,1,3,0,1,0,1,2,1,1,1,0,0,0,2,0,1,1,0,0,2,0,0,0,7,1,1,1,1,0,1,2,64,0,0,0,1,2,2,1,0,4,1,1,1,2,1,0,1,1,1,1,1,0,1,0,0,1,1,0,0,1,0,15,0,1,1,1,1,1,1,1,1,0,0,1,0,17,6,6,10,0,1,2,1
90,2020-02-11,0,2,0,1,2,1,1,0,2,0,0,0,1,0,3,1,0,0,1,1,2,1,2,2,3,0,2,1,2,2,2,0,1,0,2,1,1,1,1,27,1,1,1,1,1,0,3,1,2,0,1,0,1,1,0,0,0,1,1,0,1,1,72,1,0,0,3,1,1,0,0,2,10,0,2,1,3,1,1,1,2,1,2,1,2,2,0,0,0,0,0,0,1,0,0,2,0,5,1,6,1,2,0,3,2,1,0,1,1,1,1,0,0,3,3,0,2,2,1,1,3,0,1,0,1,2,1,1,1,0,0,0,2,0,1,1,0,0,2,0,0,0,7,1,1,1,1,0,1,2,64,0,0,0,1,2,2,1,0,4,1,1,1,2,1,0,1,1,1,1,1,0,1,0,0,1,1,0,0,1,0,15,0,1,1,1,1,1,1,1,1,0,0,1,0,17,6,6,10,0,1,2,1
91,2020-02-10,0,2,0,1,2,1,1,0,2,0,0,0,1,0,3,1,0,0,1,1,2,1,2,2,3,0,2,1,2,2,2,0,1,0,2,1,1,1,1,27,1,1,1,1,1,0,3,1,2,0,1,0,1,1,0,0,0,1,1,0,1,1,72,1,0,0,3,1,1,0,0,2,10,0,2,1,3,1,1,1,2,1,2,1,2,2,0,0,0,0,0,0,1,0,0,2,0,5,1,6,1,2,0,3,2,1,0,1,1,1,1,0,0,3,3,0,2,2,1,1,3,0,1,0,1,2,1,1,1,0,0,0,2,0,1,1,0,0,2,0,0,0,7,1,1,1,1,0,1,2,64,0,0,0,1,2,2,1,0,4,1,1,1,2,1,0,1,1,1,1,1,0,1,0,0,1,1,0,0,1,0,15,0,1,1,1,1,1,1,1,1,0,0,1,0,17,6,6,10,0,1,2,1
92,2020-02-09,0,2,0,1,2,1,1,0,2,0,0,0,1,0,3,1,0,0,1,1,2,1,2,2,3,0,2,1,2,2,2,0,1,0,2,1,1,1,1,27,1,1,1,1,1,0,3,1,2,0,1,0,1,1,0,0,0,1,1,0,1,1,72,1,0,0,3,1,1,0,0,2,10,0,2,1,3,1,1,1,2,1,2,1,2,2,0,0,0,0,0,0,1,0,0,2,0,5,1,6,1,2,0,3,2,1,0,1,1,1,1,0,0,3,3,0,2,2,1,1,3,0,1,0,1,2,1,1,1,0,0,0,2,0,1,1,0,0,2,0,0,0,7,1,1,1,1,0,1,2,64,0,0,0,1,2,2,1,0,4,1,1,1,2,1,0,1,1,1,1,1,0,1,0,0,1,1,0,0,1,0,15,0,1,1,1,1,1,1,1,1,0,0,1,0,17,6,6,10,0,1,2,1
93,2020-02-08,0,2,0,1,2,1,1,0,2,0,0,0,1,0,3,1,0,0,1,1,2,1,2,2,3,0,2,1,2,2,2,0,1,0,2,1,1,1,1,27,1,1,1,1,1,0,3,1,2,0,1,0,1,1,0,0,0,1,1,0,1,1,72,1,0,0,3,1,1,0,0,2,10,0,2,1,3,1,1,1,2,1,2,1,2,2,0,0,0,0,0,0,1,0,0,2,0,5,1,6,1,2,0,3,2,1,0,1,1,1,1,0,0,3,3,0,2,2,1,1,3,0,1,0,1,2,1,1,1,0,0,0,2,0,1,1,0,0,2,0,0,0,7,1,1,1,1,0,1,2,64,0,0,0,1,2,2,1,0,4,1,1,1,2,1,0,1,1,1,1,1,0,1,0,0,1,1,0,0,1,0,15,0,1,1,1,1,1,1,1,1,0,0,1,0,17,6,6,10,0,1,2,1
94,2020-02-07,0,2,0,1,2,1,1,0,2,0,0,0,1,0,3,1,0,0,1,1,2,1,2,2,3,0,2,1,2,2,2,0,1,0,2,1,1,1,1,27,1,1,1,1,1,0,3,1,2,0,1,0,1,1,0,0,0,1,1,0,1,1,72,1,0,0,3,1,1,0,0,2,10,0,2,1,3,1,1,1,2,1,2,1,2,2,0,0,0,0,0,0,1,0,0,2,0,5,1,6,1,2,0,3,2,1,0,1,1,1,1,0,0,3,3,0,2,2,1,1,3,0,1,0,1,2,1,1,1,0,0,0,2,0,1,1,0,0,2,0,0,0,7,1,1,1,1,0,1,2,64,0,0,0,1,2,2,1,0,4,1,1,1,2,1,0,1,1,1,1,1,0,1,0,0,1,1,0,0,1,0,15,0,1,1,1,1,1,1,1,1,0,0,1,0,17,6,6,10,0,1,2,1
95,2020-02-06,0,2,0,1,2,1,1,0,2,0,0,0,1,0,3,1,0,0,1,1,2,1,2,2,3,0,2,1,2,2,2,0,1,0,2,1,1,1,1,27,1,1,1,1,1,0,3,1,2,0,1,0,1,1,0,0,0,1,1,0,1,1,72,1,0,0,3,1,1,0,0,2,10,0,2,1,3,1,1,1,2,1,2,1,2,2,0,0,0,0,0,0,1,0,0,2,0,5,1,6,1,2,0,3,2,1,0,1,1,1,1,0,0,3,3,0,2,2,1,1,3,0,1,0,1,2,1,1,1,0,0,0,2,0,1,1,0,0,2,0,0,0,7,1,1,1,1,0,1,2,64,0,0,0,1,2,2,1,0,4,1,1,1,2,1,0,1,1,1,1,1,0,1,0,0,1,1,0,0,1,0,15,0,1,1,1,1,1,1,1,1,0,0,1,0,17,6,6,10,0,1,2,1
96,2020-02-05,0,2,0,1,2,1,1,0,2,0,0,0,1,0,3,1,0,0,1,1,2,1,2,2,3,0,2,1,2,2,2,0,1,0,2,1,1,1,1,27,1,1,1,1,1,0,3,1,2,0,1,0,1,1,0,0,0,1,1,0,1,1,72,1,0,0,3,1,1,0,0,2,10,0,2,1,3,1,1,1,2,1,2,1,2,2,0,0,0,0,0,0,1,0,0,2,0,5,1,6,1,2,0,3,2,1,0,1,1,1,1,0,0,3,3,0,2,2,1,1,3,0,1,0,1,2,1,1,1,0,0,0,2,0,1,1,0,0,2,0,0,0,7,1,1,1,1,0,1,2,64,0,0,0,1,2,2,1,0,4,1,1,1,2,1,0,1,1,1,1,1,0,1,0,0,1,1,0,0,1,0,15,0,1,1,1,1,1,1,1,1,0,0,1,0,17,6,6,10,0,1,2,1
97,2020-02-04,0,2,0,1,2,1,1,0,2,0,0,0,1,0,3,1,0,0,1,1,2,1,2,2,3,0,2,1,2,2,2,0,1,0,2,1,1,1,1,27,1,1,1,1,1,0,3,1,2,0,1,0,1,1,0,0,0,1,1,0,1,1,72,1,0,0,3,1,1,0,0,2,10,0,2,1,3,1,1,1,2,1,2,1,2,2,0,0,0,0,0,0,1,0,0,2,0,5,1,6,1,2,0,3,2,1,0,1,1,1,1,0,0,3,3,0,2,2,1,1,3,0,1,0,1,2,1,1,1,0,0,0,2,0,1,1,0,0,2,0,0,0,7,1,1,1,1,0,1,2,64,0,0,0,1,2,2,1,0,4,1,1,1,2,1,0,1,1,1,1,1,0,1,0,0,1,1,0,0,1,0,15,0,1,1,1,1,1,1,1,1,0,0,1,0,17,6,6,10,0,1,2,1
98,2020-02-03,0,2,0,1,2,1,1,0,2,0,0,0,1,0,3,1,0,0,1,1,2,1,2,2,3,0,2,1,2,2,2,0,1,0,2,1,1,1,1,27,1,1,1,1,1,0,3,1,2,0,1,0,1,1,0,0,0,1,1,0,1,1,72,1,0,0,3,1,1,0,0,2,10,0,2,1,3,1,1,1,2,1,2,1,2,2,0,0,0,0,0,0,1,0,0,2,0,5,1,6,1,2,0,3,2,1,0,1,1,1,1,0,0,3,3,0,2,2,1,1,3,0,1,0,1,2,1,1,1,0,0,0,2,0,1,1,0,0,2,0,0,0,7,1,1,1,1,0,1,2,64,0,0,0,1,2,2,1,0,4,1,1,1,2,1,0,1,1,1,1,1,0,1,0,0,1,1,0,0,1,0,15,0,1,1,1,1,1,1,1,1,0,0,1,0,17,6,6,10,0,1,2,1
99,2020-02-02,0,2,0,1,2,1,1,0,2,0,0,0,1,0,3,1,0,0,1,1,2,1,2,2,3,0,2,1,2,2,2,0,1,0,2,1,1,1,1,27,1,1,1,1,1,0,3,1,2,0,1,0,1,1,0,0,0,1,1,0,1,1,72,1,0,0,3,1,1,0,0,2,10,0,2,1,3,1,1,1,2,1,2,1,2,2,0,0,0,0,0,0,1,0,0,2,0,5,1,6,1,2,0,3,2,1,0,1,1,1,1,0,0,3,3,0,2,2,1,1,3,0,1,0,1,2,1,1,1,0,0,0,2,0,1,1,0,0,2,0,0,0,7,1,1,1,1,0,1,2,64,0,0,0,1,2,2,1,0,4,1,1,1,2,1,0,1,1,1,1,1,0,1,0,0,1,1,0,0,1,0,15,0,1,1,1,1,1,1,1,1,0,0,1,0,17,6,6,10,0,1,2,1
100,2020-02-01,0,2,0,1,2,1,1,0,2,0,0,0,1,0,3,1,0,0,1,1,2,1,2,2,3,0,2,1,2,2,2,0,1,0,2,1,1,1,1,27,1,1,1,1,1,0,3,1,2,0,1,0,1,1,0,0,0,1,1,0,1,1,72,1,0,0,3,1,1,0,0,2,10,0,2,1,3,1,1,1,2,1,2,1,2,2,0,0,0,0,0,0,1,0,0,2,0,5,1,6,1,2,0,3,2,1,0,1,1,1,1,0,0,3,3,0,2,2,1,1,3,0,1,0,1,2,1,1,1,0,0,0,2,0,1,1,0,0,2,0,0,0,7,1,1,1,1,0,1,2,64,0,0,0,1,2,2,1,0,4,1,1,1,2,1,0,1,1,1,1,1,0,1,0,0,1,1,0,0,1,0,15,0,1,1,1,1,1,1,1,1,0,0,1,0,17,6,6,10,0,1,2,1
101,2020-01-31,0,2,0,1,2,1,1,0,2,0,0,0,1,0,3,1,0,0,1,1,2,1,2,2,3,0,2,1,2,2,2,0,1,0,2,1,1,1,1,27,1,1,1,1,1,0,3,1,2,0,1,0,1,1,0,0,0,1,1,0,1,1,72,1,0,0,3,1,1,0,0,2,10,0,2,1,3,1,1,1,2,1,2,1,2,2,0,0,0,0,0,0,1,0,0,2,0,5,1,6,1,2,0,3,2,1,0,1,1,1,1,0,0,3,3,0,2,2,1,1,3,0,1,0,1,2,1,1,1,0,0,0,2,0,1,1,0,0,2,0,0,0,7,1,1,1,1,0,1,2,64,0,0,0,1,2,2,1,0,4,1,1,1,2,1,0,1,1,1,1,1,0,1,0,0,1,1,0,0,1,0,15,0,1,1,1,1,1,1,1,1,0,0,1,0,17,6,6,10,0,1,2,1
102,2020-01-30,0,2,0,1,2,1,1,0,2,0,0,0,1,0,3,1,0,0,1,1,2,1,2,2,3,0,2,1,2,2,2,0,1,0,2,1,1,1,1,27,1,1,1,1,1,0,3,1,2,0,1,0,1,1,0,0,0,1,1,0,1,1,72,1,0,0,3,1,1,0,0,2,10,0,2,1,3,1,1,1,2,1,2,1,2,2,0,0,0,0,0,0,1,0,0,2,0,5,1,6,1,2,0,3,2,1,0,1,1,1,1,0,0,3,3,0,2,2,1,1,3,0,1,0,1,2,1,1,1,0,0,0,2,0,1,1,0,0,2,0,0,0,7,1,1,1,1,0,1,2,64,0,0,0,1,2,2,1,0,4,1,1,1,2,1,0,1,1,1,1,1,0,1,0,0,1,1,0,0,1,0,15,0,1,1,1,1,1,1,1,1,0,0,1,0,17,6,6,10,0,1,2,1
103,2020-01-29,0,2,0,1,2,1,1,0,2,0,0,0,1,0,3,1,0,0,1,1,2,1,2,2,3,0,2,1,2,2,2,0,1,0,2,1,1,1,1,27,1,1,1,1,1,0,3,1,2,0,1,0,1,1,0,0,0,1,1,0,1,1,72,1,0,0,3,1,1,0,0,2,10,0,2,1,3,1,1,1,2,1,2,1,2,2,0,0,0,0,0,0,1,0,0,2,0,5,1,6,1,2,0,3,2,1,0,1,1,1,1,0,0,3,3,0,2,2,1,1,3,0,1,0,1,2,1,1,1,0,0,0,2,0,1,1,0,0,2,0,0,0,7,1,1,1,1,0,1,2,64,0,0,0,1,2,2,1,0,4,1,1,1,2,1,0,1,1,1,1,1,0,1,0,0,1,1,0,0,1,0,15,0,1,1,1,1,1,1,1,1,0,0,1,0,17,6,6,10,0,1,2,1
104,2020-01-28,0,2,0,1,2,1,1,0,2,0,0,0,1,0,3,1,0,0,1,1,2,1,2,2,3,0,2,1,2,2,2,0,1,0,2,1,1,1,1,27,1,1,1,1,1,0,3,1,2,0,1,0,1,1,0,0,0,1,1,0,1,1,72,1,0,0,3,1,1,0,0,2,10,0,2,1,3,1,1,1,2,1,2,1,2,2,0,0,0,0,0,0,1,0,0,2,0,5,1,6,1,2,0,3,2,1,0,1,1,1,1,0,0,3,3,0,2,2,1,1,3,0,1,0,1,2,1,1,1,0,0,0,2,0,1,1,0,0,2,0,0,0,7,1,1,1,1,0,1,2,64,0,0,0,1,2,2,1,0,4,1,1,1,2,1,0,1,1,1,1,1,0,1,0,0,1,1,0,0,1,0,15,0,1,1,1,1,1,1,1,1,0,0,1,0,17,6,6,10,0,1,2,1
105,2020-01-27,0,2,0,1,2,1,1,0,2,0,0,0,1,0,3,1,0,0,1,1,2,1,2,2,3,0,2,1,2,2,2,0,1,0,2,1,1,1,1,27,1,1,1,1,1,0,3,1,2,0,1,0,1,1,0,0,0,1,1,0,1,1,72,1,0,0,3,1,1,0,0,2,10,0,2,1,3,1,1,1,2,1,2,1,2,2,0,0,0,0,0,0,1,0,0,2,0,5,1,6,1,2,0,3,2,1,0,1,1,1,1,0,0,3,3,0,2,2,1,1,3,0,1,0,1,2,1,1,1,0,0,0,2,0,1,1,0,0,2,0,0,0,7,1,1,1,1,0,1,2,64,0,0,0,1,2,2,1,0,4,1,1,1,2,1,0,1,1,1,1,1,0,1,0,0,1,1,0,0,1,0,15,0,1,1,1,1,1,1,1,1,0,0,1,0,17,6,6,10,0,1,2,1
106,2020-01-26,0,2,0,1,2,1,1,0,2,0,0,0,1,0,3,1,0,0,1,1,2,1,2,2,3,0,2,1,2,2,2,0,1,0,2,1,1,1,1,27,1,1,1,1,1,0,3,1,2,0,1,0,1,1,0,0,0,1,1,0,1,1,72,1,0,0,3,1,1,0,0,2,10,0,2,1,3,1,1,1,2,1,2,1,2,2,0,0,0,0,0,0,1,0,0,2,0,5,1,6,1,2,0,3,2,1,0,1,1,1,1,0,0,3,3,0,2,2,1,1,3,0,1,0,1,2,1,1,1,0,0,0,2,0,1,1,0,0,2,0,0,0,7,1,1,1,1,0,1,2,64,0,0,0,1,2,2,1,0,4,1,1,1,2,1,0,1,1,1,1,1,0,1,0,0,1,1,0,0,1,0,15,0,1,1,1,1,1,1,1,1,0,0,1,0,17,6,6,10,0,1,2,1
107,2020-01-25,0,2,0,1,2,1,1,0,2,0,0,0,1,0,3,1,0,0,1,1,2,1,2,2,3,0,2,1,2,2,2,0,1,0,2,1,1,1,1,27,1,1,1,1,1,0,3,1,2,0,1,0,1,1,0,0,0,1,1,0,1,1,72,1,0,0,3,1,1,0,0,2,10,0,2,1,3,1,1,1,2,1,2,1,2,2,0,0,0,0,0,0,1,0,0,2,0,5,1,6,1,2,0,3,2,1,0,1,1,1,1,0,0,3,3,0,2,2,1,1,3,0,1,0,1,2,1,1,1,0,0,0,2,0,1,1,0,0,2,0,0,0,7,1,1,1,1,0,1,2,64,0,0,0,1,2,2,1,0,4,1,1,1,2,1,0,1,1,1,1,1,0,1,0,0,1,1,0,0,1,0,15,0,1,1,1,1,1,1,1,1,0,0,1,0,17,6,6,10,0,1,2,1
108,2020-01-24,0,2,0,1,2,1,1,0,2,0,0,0,1,0,3,1,0,0,1,1,2,1,2,2,3,0,2,1,2,2,2,0,1,0,2,1,1,1,1,27,1,1,1,1,1,0,3,1,2,0,1,0,1,1,0,0,0,1,1,0,1,1,72,1,0,0,3,1,1,0,0,2,10,0,2,1,3,1,1,1,2,1,2,1,2,2,0,0,0,0,0,0,1,0,0,2,0,5,1,6,1,2,0,3,2,1,0,1,1,1,1,0,0,3,3,0,2,2,1,1,3,0,1,0,1,2,1,1,1,0,0,0,2,0,1,1,0,0,2,0,0,0,7,1,1,1,1,0,1,2,64,0,0,0,1,2,2,1,0,4,1,1,1,2,1,0,1,1,1,1,1,0,1,0,0,1,1,0,0,1,0,15,0,1,1,1,1,1,1,1,1,0,0,1,0,17,6,6,10,0,1,2,1
109,2020-01-23,0,2,0,1,2,1,1,0,2,0,0,0,1,0,3,1,0,0,1,1,2,1,2,2,3,0,2,1,2,2,2,0,1,0,2,1,1,1,1,27,1,1,1,1,1,0,3,1,2,0,1,0,1,1,0,0,0,1,1,0,1,1,72,1,0,0,3,1,1,0,0,2,10,0,2,1,3,1,1,1,2,1,2,1,2,2,0,0,0,0,0,0,1,0,0,2,0,5,1,6,1,2,0,3,2,1,0,1,1,1,1,0,0,3,3,0,2,2,1,1,3,0,1,0,1,2,1,1,1,0,0,0,2,0,1,1,0,0,2,0,0,0,7,1,1,1,1,0,1,2,64,0,0,0,1,2,2,1,0,4,1,1,1,2,1,0,1,1,1,1,1,0,1,0,0,1,1,0,0,1,0,15,0,1,1,1,1,1,1,1,1,0,0,1,0,17,6,6,10,0,1,2,1
110,2020-01-22,0,2,0,1,2,1,1,0,2,0,0,0,1,0,3,1,0,0,1,1,2,1,2,2,3,0,2,1,2,2,2,0,1,0,2,1,1,1,1,27,1,1,1,1,1,0,3,1,2,0,1,0,1,1,0,0,0,1,1,0,1,1,72,1,0,0,3,1,1,0,0,2,10,0,2,1,3,1,1,1,2,1,2,1,2,2,0,0,0,0,0,0,1,0,0,2,0,5,1,6,1,2,0,3,2,1,0,1,1,1,1,0,0,3,3,0,2,2,1,1,3,0,1,0,1,2,1,1,1,0,0,0,2,0,1,1,0,0,2,0,0,0,7,1,1,1,1,0,1,2,64,0,0,0,1,2,2,1,0,4,1,1,1,2,1,0,1,1,1,1,1,0,1,0,0,1,1,0,0,1,0,15,0,1,1,1,1,1,1,1,1,0,0,1,0,17,6,6,10,0,1,2,1
111,2020-01-21,0,2,0,1,2,1,1,0,2,0,0,0,1,0,3,1,0,0,1,1,2,1,2,2,3,0,2,1,2,2,2,0,1,0,2,1,1,1,1,27,1,1,1,1,1,0,3,1,2,0,1,0,1,1,0,0,0,1,1,0,1,1,72,1,0,0,3,1,1,0,0,2,10,0,2,1,3,1,1,1,2,1,2,1,2,2,0,0,0,0,0,0,1,0,0,2,0,5,1,6,1,2,0,3,2,1,0,1,1,1,1,0,0,3,3,0,2,2,1,1,3,0,1,0,1,2,1,1,1,0,0,0,2,0,1,1,0,0,2,0,0,0,7,1,1,1,1,0,1,2,64,0,0,0,1,2,2,1,0,4,1,1,1,2,1,0,1,1,1,1,1,0,1,0,0,1,1,0,0,1,0,15,0,1,1,1,1,1,1,1,1,0,0,1,0,17,6,6,10,0,1,2,1
112,2020-01-20,0,2,0,1,2,1,1,0,2,0,0,0,1,0,3,1,0,0,1,1,2,1,2,2,3,0,2,1,2,2,2,0,1,0,2,1,1,1,1,27,1,1,1,1,1,0,3,1,2,0,1,0,1,1,0,0,0,1,1,0,1,1,72,1,0,0,3,1,1,0,0,2,10,0,2,1,3,1,1,1,2,1,2,1,2,2,0,0,0,0,0,0,1,0,0,2,0,5,1,6,1,2,0,3,2,1,0,1,1,1,1,0,0,3,3,0,2,2,1,1,3,0,1,0,1,2,1,1,1,0,0,0,2,0,1,1,0,0,2,0,0,0,7,1,1,1,1,0,1,2,64,0,0,0,1,2,2,1,0,4,1,1,1,2,1,0,1,1,1,1,1,0,1,0,0,1,1,0,0,1,0,15,0,1,1,1,1,1,1,1,1,0,0,1,0,17,6,6,10,0,1,2,1
113,2020-01-19,0,2,0,1,2,1,1,0,2,0,0,0,1,0,3,1,0,0,1,1,2,1,2,2,3,0,2,1,2,2,2,0,1,0,2,1,1,1,1,27,1,1,1,1,1,0,3,1,2,0,1,0,1,1,0,0,0,1,1,0,1,1,72,1,0,0,3,1,1,0,0,2,10,0,2,1,3,1,1,1,2,1,2,1,2,2,0,0,0,0,0,0,1,0,0,2,0,5,1,6,1,2,0,3,2,1,0,1,1,1,1,0,0,3,3,0,2,2,1,1,3,0,1,0,1,2,1,1,1,0,0,0,2,0,1,1,0,0,2,0,0,0,7,1,1,1,1,0,1,2,64,0,0,0,1,2,2,1,0,4,1,1,1,2,1,0,1,1,1,1,1,0,1,0,0,1,1,0,0,1,0,15,0,1,1,1,1,1,1,1,1,0,0,1,0,17,6,6,10,0,1,2,1
114,2020-01-18,0,2,0,1,2,1,1,0,2,0,0,0,1,0,3,1,0,0,1,1,2,1,2,2,3,0,2,1,2,2,2,0,1,0,2,1,1,1,1,27,1,1,1,1,1,0,3,1,2,0,1,0,1,1,0,0,0,1,1,0,1,1,72,1,0,0,3,1,1,0,0,2,10,0,2,1,3,1,1,1,2,1,2,1,2,2,0,0,0,0,0,0,1,0,0,2,0,5,1,6,1,2,0,3,2,1,0,1,1,1,1,0,0,3,3,0,2,2,1,1,3,0,1,0,1,2,1,1,1,0,0,0,2,0,1,1,0,0,2,0,0,0,7,1,1,1,1,0,1,2,64,0,0,0,1,2,2,1,0,4,1,1,1,2,1,0,1,1,1,1,1,0,1,0,0,1,1,0,0,1,0,15,0,1,1,1,1,1,1,1,1,0,0,1,0,17,6,6,10,0,1,2,1
115,2020-01-17,0,2,0,1,2,1,1,0,2,0,0,0,1,0,3,1,0,0,1,1,2,1,2,2,3,0,2,1,2,2,2,0,1,0,2,1,1,1,1,27,1,1,1,1,1,0,3,1,2,0,1,0,1,1,0,0,0,1,1,0,1,1,72,1,0,0,3,1,1,0,0,2,10,0,2,1,3,1,1,1,2,1,2,1,2,2,0,0,0,0,0,0,1,0,0,2,0,5,1,6,1,2,0,3,2,1,0,1,1,1,1,0,0,3,3,0,2,2,1,1,3,0,1,0,1,2,1,1,1,0,0,0,2,0,1,1,0,0,2,0,0,0,7,1,1,1,1,0,1,2,64,0,0,0,1,2,2,1,0,4,1,1,1,2,1,0,1,1,1,1,1,0,1,0,0,1,1,0,0,1,0,15,0,1,1,1,1,1,1,1,1,0,0,1,0,17,6,6,10,0,1,2,1
116,2020-01-16,0,2,0,1,2,1,1,0,2,0,0,0,1,0,3,1,0,0,1,1,2,1,2,2,3,0,2,1,2,2,2,0,1,0,2,1,1,1,1,27,1,1,1,1,1,0,3,1,2,0,1,0,1,1,0,0,0,1,1,0,1,1,72,1,0,0,3,1,1,0,0,2,10,0,2,1,3,1,1,1,2,1,2,1,2,2,0,0,0,0,0,0,1,0,0,2,0,5,1,6,1,2,0,3,2,1,0,1,1,1,1,0,0,3,3,0,2,2,1,1,3,0,1,0,1,2,1,1,1,0,0,0,2,0,1,1,0,0,2,0,0,0,7,1,1,1,1,0,1,2,64,0,0,0,1,2,2,1,0,4,1,1,1,2,1,0,1,1,1,1,1,0,1,0,0,1,1,0,0,1,0,15,0,1,1,1,1,1,1,1,1,0,0,1,0,17,6,6,10,0,1,2,1
117,2020-01-15,0,2,0,1,2,1,1,0,2,0,0,0,1,0,3,1,0,0,1,1,2,1,2,2,3,0,2,1,2,2,2,0,1,0,2,1,1,1,1,27,1,1,1,1,1,0,3,1,2,0,1,0,1,1,0,0,0,1,1,0,1,1,72,1,0,0,3,1,1,0,0,2,10,0,2,1,3,1,1,1,2,1,2,1,2,2,0,0,0,0,0,0,1,0,0,2,0,5,1,6,1,2,0,3,2,1,0,1,1,1,1,0,0,3,3,0,2,2,1,1,3,0,1,0,1,2,1,1,1,0,0,0,2,0,1,1,0,0,2,0,0,0,7,1,1,1,1,0,1,2,64,0,0,0,1,2,2,1,0,4,1,1,1,2,1,0,1,1,1,1,1,0,1,0,0,1,1,0,0,1,0,15,0,1,1,1,1,1,1,1,1,0,0,1,0,17,6,6,10,0,1,2,1
118,2020-01-14,0,2,0,1,2,1,1,0,2,0,0,0,1,0,3,1,0,0,1,1,2,1,2,2,3,0,2,1,2,2,2,0,1,0,2,1,1,1,1,27,1,1,1,1,1,0,3,1,2,0,1,0,1,1,0,0,0,1,1,0,1,1,72,1,0,0,3,1,1,0,0,2,10,0,2,1,3,1,1,1,2,1,2,1,2,2,0,0,0,0,0,0,1,0,0,2,0,5,1,6,1,2,0,3,2,1,0,1,1,1,1,0,0,3,3,0,2,2,1,1,3,0,1,0,1,2,1,1,1,0,0,0,2,0,1,1,0,0,2,0,0,0,7,1,1,1,1,0,1,2,64,0,0,0,1,2,2,1,0,4,1,1,1,2,1,0,1,1,1,1,1,0,1,0,0,1,1,0,0,1,0,15,0,1,1,1,1,1,1,1,1,0,0,1,0,17,6,6,10,0,1,2,1
119,2020-01-13,0,2,0,1,2,1,1,0,2,0,0,0,1,0,3,1,0,0,1,1,2,1,2,2,3,0,2,1,2,2,2,0,1,0,2,1,1,1,1,27,1,1,1,1,1,0,3,1,2,0,1,0,1,1,0,0,0,1,1,0,1,1,72,1,0,0,3,1,1,0,0,2,10,0,2,1,3,1,1,1,2,1,2,1,2,2,0,0,0,0,0,0,1,0,0,2,0,5,1,6,1,2,0,3,2,1,0,1,1,1,1,0,0,3,3,0,2,2,1,1,3,0,1,0,1,2,1,1,1,0,0,0,2,0,1,1,0,0,2,0,0,0,7,1,1,1,1,0,1,2,64,0,0,0,1,2,2,1,0,4,1,1,1,2,1,0,1,1,1,1,1,0,1,0,0,1,1,0,0,1,0,15,0,1,1,1,1,1,1,1,1,0,0,1,0,17,6,6,10,0,1,2,1
120,2020-01-12,0,2,0,1,2,1,1,0,2,0,0,0,1,0,3,1,0,0,1,1,2,1,2,2,3,0,2,1,2,2,2,0,1,0,2,1,1,1,1,27,1,1,1,1,1,0,3,1,2,0,1,0,1,1,0,0,0,1,1,0,1,1,72,1,0,0,3,1,1,0,0,2,10,0,2,1,3,1,1,1,2,1,2,1,2,2,0,0,0,0,0,0,1,0,0,2,0,5,1,6,1,2,0,3,2,1,0,1,1,1,1,0,0,3,3,0,2,2,1,1,3,0,1,0,1,2,1,1,1,0,0,0,2,0,1,1,0,0,2,0,0,0,7,1,1,1,1,0,1,2,64,0,0,0,1,2,2,1,0,4,1,1,1,2,1,0,1,1,1,1,1,0,1,0,0,1,1,0,0,1,0,15,0,1,1,1,1,1,1,1,1,0,0,1,0,17,6,6,10,0,1,2,1
121,2020-01-11,0,2,0,1,2,1,1,0,2,0,0,0,1,0,3,1,0,0,1,1,2,1,2,2,3,0,2,1,2,2,2,0,1,0,2,1,1,1,1,27,1,1,1,1,1,0,3,1,2,0,1,0,1,1,0,0,0,1,1,0,1,1,72,1,0,0,3,1,1,0,0,2,10,0,2,1,3,1,1,1,2,1,2,1,2,2,0,0,0,0,0,0,1,0,0,2,0,5,1,6,1,2,0,3,2,1,0,1,1,1,1,0,0,3,3,0,2,2,1,1,3,0,1,0,1,2,1,1,1,0,0,0,2,0,1,1,0,0,2,0,0,0,7,1,1,1,1,0,1,2,64,0,0,0,1,2,2,1,0,4,1,1,1,2,1,0,1,1,1,1,1,0,1,0,0,1,1,0,0,1,0,15,0,1,1,1,1,1,1,1,1,0,0,1,0,17,6,6,10,0,1,2,1
122,2020-01-10,0,2,0,1,2,1,1,0,2,0,0,0,1,0,3,1,0,0,1,1,2,1,2,2,3,0,2,1,2,2,2,0,1,0,2,1,1,1,1,27,1,1,1,1,1,0,3,1,2,0,1,0,1,1,0,0,0,1,1,0,1,1,72,1,0,0,3,1,1,0,0,2,10,0,2,1,3,1,1,1,2,1,2,1,2,2,0,0,0,0,0,0,1,0,0,2,0,5,1,6,1,2,0,3,2,1,0,1,1,1,1,0,0,3,3,0,2,2,1,1,3,0,1,0,1,2,1,1,1,0,0,0,2,0,1,1,0,0,2,0,0,0,7,1,1,1,1,0,1,2,64,0,0,0,1,2,2,1,0,4,1,1,1,2,1,0,1,1,1,1,1,0,1,0,0,1,1,0,0,1,0,15,0,1,1,1,1,1,1,1,1,0,0,1,0,17,6,6,10,0,1,2,1
123,2020-01-09,0,2,0,1,2,1,1,0,2,0,0,0,1,0,3,1,0,0,1,1,2,1,2,2,3,0,2,1,2,2,2,0,1,0,2,1,1,1,1,27,1,1,1,1,1,0,3,1,2,0,1,0,1,1,0,0,0,1,1,0,1,1,72,1,0,0,3,1,1,0,0,2,10,0,2,1,3,1,1,1,2,1,2,1,2,2,0,0,0,0,0,0,1,0,0,2,0,5,1,6,1,2,0,3,2,1,0,1,1,1,1,0,0,3,3,0,2,2,1,1,3,0,1,0,1,2,1,1,1,0,0,0,2,0,1,1,0,0,2,0,0,0,7,1,1,1,1,0,1,2,64,0,0,0,1,2,2,1,0,4,1,1,1,2,1,0,1,1,1,1,1,0,1,0,0,1,1,0,0,1,0,15,0,1,1,1,1,1,1,1,1,0,0,1,0,17,6,6,10,0,1,2,1
124,2020-01-08,0,2,0,1,2,1,1,0,2,0,0,0,1,0,3,1,0,0,1,1,2,1,2,2,3,0,2,1,2,2,2,0,1,0,2,1,1,1,1,27,1,1,1,1,1,0,3,1,2,0,1,0,1,1,0,0,0,1,1,0,1,1,72,1,0,0,3,1,1,0,0,2,10,0,2,1,3,1,1,1,2,1,2,1,2,2,0,0,0,0,0,0,1,0,0,2,0,5,1,6,1,2,0,3,2,1,0,1,1,1,1,0,0,3,3,0,2,2,1,1,3,0,1,0,1,2,1,1,1,0,0,0,2,0,1,1,0,0,2,0,0,0,7,1,1,1,1,0,1,2,64,0,0,0,1,2,2,1,0,4,1,1,1,2,1,0,1,1,1,1,1,0,1,0,0,1,1,0,0,1,0,15,0,1,1,1,1,1,1,1,1,0,0,1,0,17,6,6,10,0,1,2,1
125,2020-01-07,0,2,0,1,2,1,1,0,2,0,0,0,1,0,3,1,0,0,1,1,2,1,2,2,3,0,2,1,2,2,2,0,1,0,2,1,1,1,1,27,1,1,1,1,1,0,3,1,2,0,1,0,1,1,0,0,0,1,1,0,1,1,72,1,0,0,3,1,1,0,0,2,10,0,2,1,3,1,1,1,2,1,2,1,2,2,0,0,0,0,0,0,1,0,0,2,0,5,1,6,1,2,0,3,2,1,0,1,1,1,1,0,0,3,3,0,2,2,1,1,3,0,1,0,1,2,1,1,1,0,0,0,2,0,1,1,0,0,2,0,0,0,7,1,1,1,1,0,1,2,64,0,0,0,1,2,2,1,0,4,1,1,1,2,1,0,1,1,1,1,1,0,1,0,0,1,1,0,0,1,0,15,0,1,1,1,1,1,1,1,1,0,0,1,0,17,6,6,10,0,1,2,1
126,2020-01-06,0,2,0,1,2,1,1,0,2,0,0,0,1,0,3,1,0,0,1,1,2,1,2,2,3,0,2,1,2,2,2,0,1,0,2,1,1,1,1,27,1,1,1,1,1,0,3,1,2,0,1,0,1,1,0,0,0,1,1,0,1,1,72,1,0,0,3,1,1,0,0,2,10,0,2,1,3,1,1,1,2,1,2,1,2,2,0,0,0,0,0,0,1,0,0,2,0,5,1,6,1,2,0,3,2,1,0,1,1,1,1,0,0,3,3,0,2,2,1,1,3,0,1,0,1,2,1,1,1,0,0,0,2,0,1,1,0,0,2,0,0,0,7,1,1,1,1,0,1,2,64,0,0,0,1,2,2,1,0,4,1,1,1,2,1,0,1,1,1,1,1,0,1,0,0,1,1,0,0,1,0,15,0,1,1,1,1,1,1,1,1,0,0,1,0,17,6,6,10,0,1,2,1
127,2020-01-05,0,2,0,1,2,1,1,0,2,0,0,0,1,0,3,1,0,0,1,1,2,1,2,2,3,0,2,1,2,2,2,0,1,0,2,1,1,1,1,27,1,1,1,1,1,0,3,1,2,0,1,0,1,1,0,0,0,1,1,0,1,1,72,1,0,0,3,1,1,0,0,2,10,0,2,1,3,1,1,1,2,1,2,1,2,2,0,0,0,0,0,0,1,0,0,2,0,5,1,6,1,2,0,3,2,1,0,1,1,1,1,0,0,3,3,0,2,2,1,1,3,0,1,0,1,2,1,1,1,0,0,0,2,0,1,1,0,0,2,0,0,0,7,1,1,1,1,0,1,2,64,0,0,0,1,2,2,1,0,4,1,1,1,2,1,0,1,1,1,1,1,0,1,0,0,1,1,0,0,1,0,15,0,1,1,1,1,1,1,1,1,0,0,1,0,17,6,6,10,0,1,2,1
128,2020-01-04,0,2,0,1,2,1,1,0,2,0,0,0,1,0,3,1,0,0,1,1,2,1,2,2,3,0,2,1,2,2,2,0,1,0,2,1,1,1,1,27,1,1,1,1,1,0,3,1,2,0,1,0,1,1,0,0,0,1,1,0,1,1,72,1,0,0,3,1,1,0,0,2,10,0,2,1,3,1,1,1,2,1,2,1,2,2,0,0,0,0,0,0,1,0,0,2,0,5,1,6,1,2,0,3,2,1,0,1,1,1,1,0,0,3,3,0,2,2,1,1,3,0,1,0,1,2,1,1,1,0,0,0,2,0,1,1,0,0,2,0,0,0,7,1,1,1,1,0,1,2,64,0,0,0,1,2,2,1,0,4,1,1,1,2,1,0,1,1,1,1,1,0,1,0,0,1,1,0,0,1,0,15,0,1,1,1,1,1,1,1,1,0,0,1,0,17,6,6,10,0,1,2,1
129,2020-01-03,0,2,0,1,2,1,1,0,2,0,0,0,1,0,3,1,0,0,1,1,2,1,2,2,3,0,2,1,2,2,2,0,1,0,2,1,1,1,1,27,1,1,1,1,1,0,3,1,2,0,1,0,1,1,0,0,0,1,1,0,1,1,72,1,0,0,3,1,1,0,0,2,10,0,2,1,3,1,1,1,2,1,2,1,2,2,0,0,0,0,0,0,1,0,0,2,0,5,1,6,1,2,0,3,2,1,0,1,1,1,1,0,0,3,3,0,2,2,1,1,3,0,1,0,1,2,1,1,1,0,0,0,2,0,1,1,0,0,2,0,0,0,7,1,1,1,1,0,1,2,64,0,0,0,1,2,2,1,0,4,1,1,1,2,1,0,1,1,1,1,1,0,1,0,0,1,1,0,0,1,0,15,0,1,1,1,1,1,1,1,1,0,0,1,0,17,6,6,10,0,1,2,1
130,2020-01-02,0,2,0,1,2,1,1,0,2,0,0,0,1,0,3,1,0,0,1,1,2,1,2,2,3,0,2,1,2,2,2,0,1,0,2,1,1,1,1,27,1,1,1,1,1,0,3,1,2,0,1,0,1,1,0,0,0,1,1,0,1,1,72,1,0,0,3,1,1,0,0,2,10,0,2,1,3,1,1,1,2,1,2,1,2,2,0,0,0,0,0,0,1,0,0,2,0,5,1,6,1,2,0,3,2,1,0,1,1,1,1,0,0,3,3,0,2,2,1,1,3,0,1,0,1,2,1,1,1,0,0,0,2,0,1,1,0,0,2,0,0,0,7,1,1,1,1,0,1,2,64,0,0,0,1,2,2,1,0,4,1,1,1,2,1,0,1,1,1,1,1,0,1,0,0,1,1,0,0,1,0,15,0,1,1,1,1,1,1,1,1,0,0,1,0,17,6,6,10,0,1,2,1
131,2020-01-01,0,2,0,1,2,1,1,0,2,0,0,0,1,0,3,1,0,0,1,1,2,1,2,2,3,0,2,1,2,2,2,0,1,0,2,1,1,1,1,27,1,1,1,1,1,0,3,1,2,0,1,0,1,1,0,0,0,1,1,0,1,1,72,1,0,0,3,1,1,0,0,2,10,0,2,1,3,1,1,1,2,1,2,1,2,2,0,0,0,0,0,0,1,0,0,2,0,5,1,6,1,2,0,3,2,1,0,1,1,1,1,0,0,3,3,0,2,2,1,1,3,0,1,0,1,2,1,1,1,0,0,0,2,0,1,1,0,0,2,0,0,0,7,1,1,1,1,0,1,2,64,0,0,0,1,2,2,1,0,4,1,1,1,2,1,0,1,1,1,1,1,0,1,0,0,1,1,0,0,1,0,15,0,1,1,1,1,1,1,1,1,0,0,1,0,17,6,6,10,0,1,2,1
132,2019-12-31,0,2,0,1,2,1,1,0,2,0,0,0,1,0,3,1,0,0,1,1,2,1,2,2,3,0,2,1,2,2,2,0,1,0,2,1,1,1,1,27,1,1,1,1,1,0,3,1,2,0,1,0,1,1,0,0,0,1,1,0,1,1,72,1,0,0,3,1,1,0,0,2,10,0,2,1,3,1,1,1,2,1,2,1,2,2,0,0,0,0,0,0,1,0,0,2,0,5,1,6,1,2,0,3,2,1,0,1,1,1,1,0,0,3,3,0,2,2,1,1,3,0,1,0,1,2,1,1,1,0,0,0,2,0,1,1,0,0,2,0,0,0,7,1,1,1,1,0,1,2,64,0,0,0,1,2,2,1,0,4,1,1,1,2,1,0,1,1,1,1,1,0,1,0,0,1,1,0,0,1,0,15,0,1,1,1,1,1,1,1,1,0,0,1,0,17,6,6,10,0,1,2,1
201,2020-03-14,0,2,0,1,2,1,1,0,2,0,0,0,1,0,3,1,0,0,1,1,2,1,2,2,3,0,2,1,2,2,2,0,1,0,2,1,1,1,1,27,1,1,1,1,1,0,3,1,2,0,1,0,1,1,0,0,0,1,1,0,1,1,72,1,0,0,3,1,1,0,0,2,10,0,2,1,3,1,1,1,2,1,2,1,2,2,0,0,0,0,0,0,1,0,0,2,0,5,1,6,1,2,0,3,2,1,0,1,1,1,1,0,0,3,3,0,2,2,1,1,3,0,1,0,1,2,1,1,1,0,0,0,2,0,1,1,0,0,2,0,0,0,7,1,1,1,1,0,1,2,64,0,0,0,1,2,2,1,0,4,1,1,1,2,1,0,1,1,1,1,1,0,1,0,0,1,1,0,0,1,0,15,0,1,1,1,1,1,1,1,1,0,0,1,0,17,6,6,10,0,1,2,1
202,2020-03-13,0,2,0,1,2,1,1,0,2,0,0,0,1,0,3,1,0,0,1,1,2,1,2,2,3,0,2,1,2,2,2,0,1,0,2,1,1,1,1,27,1,1,1,1,1,0,3,1,2,0,1,0,1,1,0,0,0,1,1,0,1,1,72,1,0,0,3,1,1,0,0,2,10,0,2,1,3,1,1,1,2,1,2,1,2,2,0,0,0,0,0,0,1,0,0,2,0,5,1,6,1,2,0,3,2,1,0,1,1,1,1,0,0,3,3,0,2,2,1,1,3,0,1,0,1,2,1,1,1,0,0,0,2,0,1,1,0,0,2,0,0,0,7,1,1,1,1,0,1,2,64,0,0,0,1,2,2,1,0,4,1,1,1,2,1,0,1,1,1,1,1,0,1,0,0,1,1,0,0,1,0,15,0,1,1,1,1,1,1,1,1,0,0,1,0,17,6,6,10,0,1,2,1
203,2020-03-12,0,2,0,1,2,1,1,0,2,0,0,0,1,0,3,1,0,0,1,1,2,1,2,2,3,0,2,1,2,2,2,0,1,0,2,1,1,1,1,27,1,1,1,1,1,0,3,1,2,0,1,0,1,1,0,0,0,1,1,0,1,1,72,1,0,0,3,1,1,0,0,2,10,0,2,1,3,1,1,1,2,1,2,1,2,2,0,0,0,0,0,0,1,0,0,2,0,5,1,6,1,2,0,3,2,1,0,1,1,1,1,0,0,3,3,0,2,2,1,1,3,0,1,0,1,2,1,1,1,0,0,0,2,0,1,1,0,0,2,0,0,0,7,1,1,1,1,0,1,2,64,0,0,0,1,2,2,1,0,4,1,1,1,2,1,0,1,1,1,1,1,0,1,0,0,1,1,0,0,1,0,15,0,1,1,1,1,1,1,1,1,0,0,1,0,17,6,6,10,0,1,2,1
205,2020-03-10,0,2,0,1,2,1,1,0,2,0,0,0,1,0,3,1,0,0,1,1,2,1,2,2,3,0,2,1,2,2,2,0,1,0,2,1,1,1,1,27,1,1,1,1,1,0,3,1,2,0,1,0,1,1,0,0,0,1,1,0,1,1,72,1,0,0,3,1,1,0,0,2,10,0,2,1,3,1,1,1,2,1,2,1,2,2,0,0,0,0,0,0,1,0,0,2,0,5,1,6,1,2,0,3,2,1,0,1,1,1,1,0,0,3,3,0,2,2,1,1,3,0,1,0,1,2,1,1,1,0,0,0,2,0,1,1,0,0,2,0,0,0,7,1,1,1,1,0,1,2,64,0,0,0,1,2,2,1,0,4,1,1,1,2,1,0,1,1,1,1,1,0,1,0,0,1,1,0,0,1,0,15,0,1,1,1,1,1,1,1,1,0,0,1,0,17,6,6,10,0,1,2,1
206,2020-03-09,0,2,0,1,2,1,1,0,2,0,0,0,1,0,3,1,0,0,1,1,2,1,2,2,3,0,2,1,2,2,2,0,1,0,2,1,1,1,1,27,1,1,1,1,1,0,3,1,2,0,1,0,1,1,0,0,0,1,1,0,1,1,72,1,0,0,3,1,1,0,0,2,10,0,2,1,3,1,1,1,2,1,2,1,2,2,0,0,0,0,0,0,1,0,0,2,0,5,1,6,1,2,0,3,2,1,0,1,1,1,1,0,0,3,3,0,2,2,1,1,3,0,1,0,1,2,1,1,1,0,0,0,2,0,1,1,0,0,2,0,0,0,7,1,1,1,1,0,1,2,64,0,0,0,1,2,2,1,0,4,1,1,1,2,1,0,1,1,1,1,1,0,1,0,0,1,1,0,0,1,0,15,0,1,1,1,1,1,1,1,1,0,0,1,0,17,6,6,10,0,1,2,1
279,2020-03-06,0,2,0,1,2,1,1,0,2,0,0,0,1,0,3,1,0,0,1,1,2,1,2,2,3,0,2,1,2,2,2,0,1,0,2,1,1,1,1,27,1,1,1,1,1,0,3,1,2,0,1,0,1,1,0,0,0,1,1,0,1,1,72,1,0,0,3,1,1,0,0,2,10,0,2,1,3,1,1,1,2,1,2,1,2,2,0,0,0,0,0,0,1,0,0,2,0,5,1,6,1,2,0,3,2,1,0,1,1,1,1,0,0,3,3,0,2,2,1,1,3,0,1,0,1,2,1,1,1,0,0,0,2,0,1,1,0,0,2,0,0,0,7,1,1,1,1,0,1,2,64,0,0,0,1,2,2,1,0,4,1,1,1,2,1,0,1,1,1,1,1,0,1,0,0,1,1,0,0,1,0,15,0,1,1,1,1,1,1,1,1,0,0,1,0,17,6,6,10,0,1,2,1
280,2020-03-05,0,2,0,1,2,1,1,0,2,0,0,0,1,0,3,1,0,0,1,1,2,1,2,2,3,0,2,1,2,2,2,0,1,0,2,1,1,1,1,27,1,1,1,1,1,0,3,1,2,0,1,0,1,1,0,0,0,1,1,0,1,1,72,1,0,0,3,1,1,0,0,2,10,0,2,1,3,1,1,1,2,1,2,1,2,2,0,0,0,0,0,0,1,0,0,2,0,5,1,6,1,2,0,3,2,1,0,1,1,1,1,0,0,3,3,0,2,2,1,1,3,0,1,0,1,2,1,1,1,0,0,0,2,0,1,1,0,0,2,0,0,0,7,1,1,1,1,0,1,2,64,0,0,0,1,2,2,1,0,4,1,1,1,2,1,0,1,1,1,1,1,0,1,0,0,1,1,0,0,1,0,15,0,1,1,1,1,1,1,1,1,0,0,1,0,17,6,6,10,0,1,2,1
281,2020-03-04,0,2,0,1,2,1,1,0,2,0,0,0,1,0,3,1,0,0,1,1,2,1,2,2,3,0,2,1,2,2,2,0,1,0,2,1,1,1,1,27,1,1,1,1,1,0,3,1,2,0,1,0,1,1,0,0,0,1,1,0,1,1,72,1,0,0,3,1,1,0,0,2,10,0,2,1,3,1,1,1,2,1,2,1,2,2,0,0,0,0,0,0,1,0,0,2,0,5,1,6,1,2,0,3,2,1,0,1,1,1,1,0,0,3,3,0,2,2,1,1,3,0,1,0,1,2,1,1,1,0,0,0,2,0,1,1,0,0,2,0,0,0,7,1,1,1,1,0,1,2,64,0,0,0,1,2,2,1,0,4,1,1,1,2,1,0,1,1,1,1,1,0,1,0,0,1,1,0,0,1,0,15,0,1,1,1,1,1,1,1,1,0,0,1,0,17,6,6,10,0,1,2,1
413,2020-03-03,0,2,0,1,2,1,1,0,2,0,0,0,1,0,3,1,0,0,1,1,2,1,2,2,3,0,2,1,2,2,2,0,1,0,2,1,1,1,1,27,1,1,1,1,1,0,3,1,2,0,1,0,1,1,0,0,0,1,1,0,1,1,72,1,0,0,3,1,1,0,0,2,10,0,2,1,3,1,1,1,2,1,2,1,2,2,0,0,0,0,0,0,1,0,0,2,0,5,1,6,1,2,0,3,2,1,0,1,1,1,1,0,0,3,3,0,2,2,1,1,3,0,1,0,1,2,1,1,1,0,0,0,2,0,1,1,0,0,2,0,0,0,7,1,1,1,1,0,1,2,64,0,0,0,1,2,2,1,0,4,1,1,1,2,1,0,1,1,1,1,1,0,1,0,0,1,1,0,0,1,0,15,0,1,1,1,1,1,1,1,1,0,0,1,0,17,6,6,10,0,1,2,1
611,2020-03-07,0,2,0,1,2,1,1,0,2,0,0,0,1,0,3,1,0,0,1,1,2,1,2,2,3,0,2,1,2,2,2,0,1,0,2,1,1,1,1,27,1,1,1,1,1,0,3,1,2,0,1,0,1,1,0,0,0,1,1,0,1,1,72,1,0,0,3,1,1,0,0,2,10,0,2,1,3,1,1,1,2,1,2,1,2,2,0,0,0,0,0,0,1,0,0,2,0,5,1,6,1,2,0,3,2,1,0,1,1,1,1,0,0,3,3,0,2,2,1,1,3,0,1,0,1,2,1,1,1,0,0,0,2,0,1,1,0,0,2,0,0,0,7,1,1,1,1,0,1,2,64,0,0,0,1,2,2,1,0,4,1,1,1,2,1,0,1,1,1,1,1,0,1,0,0,1,1,0,0,1,0,15,0,1,1,1,1,1,1,1,1,0,0,1,0,17,6,6,10,0,1,2,1
